[{"id": 0, "img_name": "input_0001.jpg", "width": 712, "height": 1269, "position": [2.249258720396461, 1.7902558721617339, -4.5675668196515655], "rotation": [[0.9720856106584763, 0.10419843148095129, -0.2102195338869508], [-0.10448779580456885, 0.9944782650817153, 0.009761188860181963], [0.21007585791480204, 0.012476664497008658, 0.9776054760302794]], "fy": 1206.5912339511858, "fx": 1181.6186686073222}, {"id": 1, "img_name": "input_0002.jpg", "width": 712, "height": 1269, "position": [2.239165422417261, 1.791871574853786, -4.570213940397491], "rotation": [[0.9729632869042157, 0.10188286378761076, -0.20727354969455164], [-0.10221481743904488, 0.9947203931293344, 0.00913622397521434], [0.20711005150027686, 0.012297217533153748, 0.9782403615719887]], "fy": 1206.5912339511858, "fx": 1181.6186686073222}, {"id": 2, "img_name": "input_0003.jpg", "width": 712, "height": 1269, "position": [2.228517830850638, 1.792080924975979, -4.5668987353439805], "rotation": [[0.9738763253136361, 0.0989294135619575, -0.2043963652462933], [-0.09922408225183803, 0.9950259128229051, 0.008832571099334543], [0.20425348098597834, 0.011679209871883587, 0.9788483598402149]], "fy": 1206.5912339511858, "fx": 1181.6186686073222}, {"id": 3, "img_name": "input_0004.jpg", "width": 712, "height": 1269, "position": [2.1866929177289287, 1.796692770371061, -4.573159143114136], "rotation": [[0.9765427991763566, 0.09158476540334562, -0.19487532456116677], [-0.09203697733250059, 0.9957326942514617, 0.006752510808711179], [0.19466215908671802, 0.011341620022692388, 0.9808047774531679]], "fy": 1206.5912339511858, "fx": 1181.6186686073222}, {"id": 4, "img_name": "input_0005.jpg", "width": 712, "height": 1269, "position": [2.1071795870582952, 1.8004639418910804, -4.582095001241502], "rotation": [[0.9806530888118027, 0.07962257534444923, -0.17882887043033163], [-0.0801744143708997, 0.9967722077428145, 0.004150801344150208], [0.17858214547975987, 0.010267003800176259, 0.983871437713695]], "fy": 1206.5912339511858, "fx": 1181.6186686073222}, {"id": 5, "img_name": "input_0006.jpg", "width": 712, "height": 1269, "position": [2.0314702077621427, 1.8031315082327075, -4.571350811683535], "rotation": [[0.9842041919002488, 0.06686851586322005, -0.16392287891636273], [-0.06742840371587346, 0.9977217932615877, 0.0021525852389884846], [0.16369336888923577, 0.008934474642205686, 0.9864708085617944]], "fy": 1206.5912339511858, "fx": 1181.6186686073222}, {"id": 6, "img_name": "input_0007.jpg", "width": 712, "height": 1269, "position": [1.9504285656520766, 1.806065369649784, -4.552360059888727], "rotation": [[0.9875195763917805, 0.055715705269289206, -0.14731207156694354], [-0.05604159815366951, 0.9984265489282068, 0.0019405338683157794], [0.1471884014431206, 0.006339288734326155, 0.9890881598214398]], "fy": 1206.5912339511858, "fx": 1181.6186686073222}, {"id": 7, "img_name": "input_0008.jpg", "width": 712, "height": 1269, "position": [1.8762826278712699, 1.8123159064358256, -4.536934971526067], "rotation": [[0.9900551011369333, 0.04619960165144662, -0.1328777389933488], [-0.04645176111963813, 0.9989198095511405, 0.0012033184107506716], [0.13278979856005863, 0.004981053458980974, 0.9911317059325758]], "fy": 1206.5912339511858, "fx": 1181.6186686073222}, {"id": 8, "img_name": "input_0009.jpg", "width": 712, "height": 1269, "position": [1.7992741314397485, 1.8136144488743111, -4.507238417601212], "rotation": [[0.9921203342673268, 0.03813906219442937, -0.11934259201231276], [-0.038437177936481604, 0.9992609993458944, -0.00019631231163236442], [0.11924691059129014, 0.004781957880815688, 0.9928531146112496]], "fy": 1206.5912339511858, "fx": 1181.6186686073222}, {"id": 9, "img_name": "input_0010.jpg", "width": 712, "height": 1269, "position": [1.7203233268953628, 1.8146929848664988, -4.475955464539122], "rotation": [[0.9938702833004247, 0.03254558699970922, -0.10565341801938045], [-0.03277715119738522, 0.9994625809651374, -0.0004556422827936595], [0.10558180871588314, 0.0039158673816255644, 0.9944029101178917]], "fy": 1206.5912339511858, "fx": 1181.6186686073222}, {"id": 10, "img_name": "input_0011.jpg", "width": 712, "height": 1269, "position": [1.6420793830075497, 1.805304806022019, -4.45214831776201], "rotation": [[0.9954795666013869, 0.026082762889549638, -0.09132426818300958], [-0.026345306508778685, 0.9996515066981592, -0.001670323638891767], [0.09124887563183023, 0.00406873888909932, 0.995819807023228]], "fy": 1206.5912339511858, "fx": 1181.6186686073222}, {"id": 11, "img_name": "input_0012.jpg", "width": 712, "height": 1269, "position": [1.5623981888461262, 1.7874337904757238, -4.42347512472261], "rotation": [[0.997318553968944, 0.02111460614679127, -0.0700705024711589], [-0.021351427566370745, 0.9997685666590437, -0.0026324250035697733], [0.06999870320350815, 0.004121471556044049, 0.9975385681877368]], "fy": 1206.5912339511858, "fx": 1181.6186686073222}, {"id": 12, "img_name": "input_0013.jpg", "width": 712, "height": 1269, "position": [1.481847047454682, 1.7778787945382246, -4.429365219086282], "rotation": [[0.9987851333670807, 0.014349237831618735, -0.04714187881867161], [-0.014452451470234023, 0.9998938477509222, -0.001849290771034414], [0.04711033868911587, 0.0025283598452246234, 0.9988864917422249]], "fy": 1206.5912339511858, "fx": 1181.6186686073222}, {"id": 13, "img_name": "input_0014.jpg", "width": 712, "height": 1269, "position": [1.412372093780655, 1.7679415627896438, -4.422230052636142], "rotation": [[0.9996909580186348, 0.0068810401470462855, -0.02388806694311453], [-0.006910721728499197, 0.9999754476345641, -0.0011601953475575293], [0.02387949708380042, 0.0013249205817641749, 0.9997139661945695]], "fy": 1206.5912339511858, "fx": 1181.6186686073222}, {"id": 14, "img_name": "input_0015.jpg", "width": 712, "height": 1269, "position": [1.3454738251453333, 1.757436886753017, -4.401268541556144], "rotation": [[0.9999999801490039, -0.00019857340164825918, 1.6449799169083233e-05], [0.00019857317372634875, 0.9999999801883517, 1.3856079151505975e-05], [-1.6452550291956223e-05, -1.3852812387620837e-05, 0.9999999997687066]], "fy": 1206.5912339511858, "fx": 1181.6186686073222}, {"id": 15, "img_name": "input_0016.jpg", "width": 712, "height": 1269, "position": [1.265863645347717, 1.7529025394858215, -4.387694423904051], "rotation": [[0.9996773484046265, -0.007944701971466184, 0.024126350683012134], [0.007971658322459567, 0.9999677042571622, -0.0010213257319106987], [-0.024117457376039046, 0.0012133232237467135, 0.9997083955316518]], "fy": 1206.5912339511858, "fx": 1181.6186686073222}, {"id": 16, "img_name": "input_0017.jpg", "width": 712, "height": 1269, "position": [1.168748285835375, 1.7346108514095466, -4.3595221184735236], "rotation": [[0.9986258572340272, -0.015056366685539864, 0.0501966441690565], [0.01510249827268888, 0.9998858050412213, -0.0005398360791058911], [-0.050182783995387684, 0.0012971889991209306, 0.9987392079472863]], "fy": 1206.5912339511858, "fx": 1181.6186686073222}, {"id": 17, "img_name": "input_0018.jpg", "width": 712, "height": 1269, "position": [1.0657035617830024, 1.7221683668560634, -4.332137804232046], "rotation": [[0.9969129565992063, -0.02384621803727671, 0.07480584769887898], [0.023911546182844308, 0.9997140778547431, 2.2320092784178296e-05], [-0.0747849913002263, 0.0017664722923095187, 0.9971981170519055]], "fy": 1206.5912339511858, "fx": 1181.6186686073222}, {"id": 18, "img_name": "input_0019.jpg", "width": 712, "height": 1269, "position": [0.946460133337276, 1.7165788210393162, -4.321094584999575], "rotation": [[0.9947266315589502, -0.031959122616702695, 0.09745533822708138], [0.03220273098733474, 0.999480927299795, -0.0009274054663898216], [-0.09737511275650274, 0.004060842955877726, 0.9952394671485583]], "fy": 1206.5912339511858, "fx": 1181.6186686073222}, {"id": 19, "img_name": "input_0020.jpg", "width": 712, "height": 1269, "position": [0.8218377494596059, 1.7113386316266808, -4.301388538222774], "rotation": [[0.9923226674972072, -0.03987457092746648, 0.11707152584884936], [0.04008886168910316, 0.9991959807173149, 0.0005246778398861258], [-0.11699831938835407, 0.0041726144938343136, 0.9931233470967172]], "fy": 1206.5912339511858, "fx": 1181.6186686073222}, {"id": 20, "img_name": "input_0021.jpg", "width": 712, "height": 1269, "position": [0.7087777244363284, 1.7025475011935394, -4.277875516531434], "rotation": [[0.9898181670168688, -0.047421331761188436, 0.13420586252977626], [0.047512031630397474, 0.9988674651901962, 0.0025286033426358445], [-0.13417377945678508, 0.003873535659778964, 0.9909502473019393]], "fy": 1206.5912339511858, "fx": 1181.6186686073222}, {"id": 21, "img_name": "input_0022.jpg", "width": 712, "height": 1269, "position": [0.612554746548529, 1.6908182306830617, -4.239004268391975], "rotation": [[0.9870197471122342, -0.05383285533185009, 0.15130777408091564], [0.053671073711246145, 0.9985453579233555, 0.005155969006886603], [-0.1513652359598574, 0.003031807470485673, 0.9884732538042081]], "fy": 1206.5912339511858, "fx": 1181.6186686073222}, {"id": 22, "img_name": "input_0023.jpg", "width": 712, "height": 1269, "position": [0.5381616229034359, 1.6780511445670145, -4.191905557416462], "rotation": [[0.9838968429531801, -0.05784526547149616, 0.16911808800154285], [0.05760859329461833, 0.9983193046828718, 0.0063099822600982056], [-0.16919885462195278, 0.003534283525643157, 0.985575596509258]], "fy": 1206.5912339511858, "fx": 1181.6186686073222}, {"id": 23, "img_name": "input_0024.jpg", "width": 712, "height": 1269, "position": [0.4702052548791332, 1.6685402244481835, -4.133904619203822], "rotation": [[0.9797497990982037, -0.06352343322932981, 0.18988181744914032], [0.06322218469139518, 0.9979701574287743, 0.007649852575987861], [-0.18998233215190535, 0.004509801807852354, 0.9817771514747005]], "fy": 1206.5912339511858, "fx": 1181.6186686073222}, {"id": 24, "img_name": "input_0025.jpg", "width": 712, "height": 1269, "position": [0.39808451206640116, 1.6536426754920381, -4.076504383363494], "rotation": [[0.9743021134249974, -0.07211149740794823, 0.2133900740830436], [0.07175497322996205, 0.9973777505686972, 0.009425841463417491], [-0.2135102236248906, 0.006128181794751781, 0.9769216088282313]], "fy": 1206.5912339511858, "fx": 1181.6186686073222}, {"id": 25, "img_name": "input_0026.jpg", "width": 712, "height": 1269, "position": [0.3285056763206023, 1.6299967090278233, -4.022350475446124], "rotation": [[0.9672792717256545, -0.08117948502614789, 0.24037616708146553], [0.08050983738724811, 0.996673896805796, 0.012621787109127645], [-0.24060128132195405, 0.007143853080705538, 0.9705977481889164]], "fy": 1206.5912339511858, "fx": 1181.6186686073222}, {"id": 26, "img_name": "input_0027.jpg", "width": 712, "height": 1269, "position": [0.23918067439893004, 1.6069024478852574, -4.000896023546287], "rotation": [[0.9592248844579466, -0.09063580697139412, 0.26771770866209615], [0.08962037369102417, 0.9958468831631717, 0.01603664284311451], [-0.26805933980393226, 0.008610214215721931, 0.9633639263305636]], "fy": 1206.5912339511858, "fx": 1181.6186686073222}, {"id": 27, "img_name": "input_0028.jpg", "width": 712, "height": 1269, "position": [0.14796729869623798, 1.5910999177404432, -3.9650672807273364], "rotation": [[0.9506004449102995, -0.10070525240341731, 0.2936277341715263], [0.09870841947313144, 0.9948808290029447, 0.02165142045062269], [-0.2943050153521968, 0.00840167964024626, 0.9556746149803111]], "fy": 1206.5912339511858, "fx": 1181.6186686073222}, {"id": 28, "img_name": "input_0029.jpg", "width": 712, "height": 1269, "position": [0.05401035471390758, 1.5701551376424443, -3.93919481696996], "rotation": [[0.9416347266462177, -0.10886463415197639, 0.3185475364915877], [0.10637202242778421, 0.9940053418464342, 0.025266048867538186], [-0.31938853207109047, 0.01009315667718428, 0.9475700996600536]], "fy": 1206.5912339511858, "fx": 1181.6186686073222}, {"id": 29, "img_name": "input_0030.jpg", "width": 712, "height": 1269, "position": [-0.04200678672504856, 1.5465501160425954, -3.914130975998272], "rotation": [[0.9323222016659864, -0.11839409554386031, 0.34169891779319256], [0.11589777842016291, 0.9928722813322856, 0.02779096830435274], [-0.3425536705947822, 0.013692008704861112, 0.939398483956445]], "fy": 1206.5912339511858, "fx": 1181.6186686073222}, {"id": 30, "img_name": "input_0031.jpg", "width": 712, "height": 1269, "position": [-0.14781610240145254, 1.5284963559974725, -3.883634001506969], "rotation": [[0.9225078374250176, -0.12760071564943593, 0.36427647090523035], [0.12534270046319382, 0.9916615825331307, 0.029941829745035974], [-0.36505958052078485, 0.018037823971822423, 0.9308094002406454]], "fy": 1206.5912339511858, "fx": 1181.6186686073222}, {"id": 31, "img_name": "input_0032.jpg", "width": 712, "height": 1269, "position": [-0.25600183673575383, 1.514887145811764, -3.8392120300110113], "rotation": [[0.9137882753696137, -0.13488335930865125, 0.383141575894134], [0.13274608078573355, 0.9906285582765328, 0.032148679023957794], [-0.3838873087678918, 0.02148345662530232, 0.923129999110837]], "fy": 1206.5912339511858, "fx": 1181.6186686073222}, {"id": 32, "img_name": "input_0033.jpg", "width": 712, "height": 1269, "position": [-0.36134795403579406, 1.5015232207046172, -3.791833190042338], "rotation": [[0.9065191211496473, -0.1406808479011805, 0.3980351517440089], [0.13843613463430926, 0.9897690142138653, 0.034535997591275056], [-0.3988214131883877, 0.023794905671552322, 0.9167198497068224]], "fy": 1206.5912339511858, "fx": 1181.6186686073222}, {"id": 33, "img_name": "input_0034.jpg", "width": 712, "height": 1269, "position": [-0.4430195328566097, 1.477175975891954, -3.7241919648688944], "rotation": [[0.8989073723613438, -0.1449332260179506, 0.41347296877843676], [0.14250225029450522, 0.9891063333921192, 0.03690216666538689], [-0.41431708216706037, 0.025749198815253657, 0.9097682859854734]], "fy": 1206.5912339511858, "fx": 1181.6186686073222}, {"id": 34, "img_name": "input_0035.jpg", "width": 712, "height": 1269, "position": [-0.49376254108843465, 1.4462672329351811, -3.674510937865433], "rotation": [[0.8916242224298683, -0.14513181826117744, 0.4288857671974407], [0.14393451727835185, 0.9889529632543327, 0.03542444362756741], [-0.42928906428207625, 0.03014617386467875, 0.9026638950845104]], "fy": 1206.5912339511858, "fx": 1181.6186686073222}, {"id": 35, "img_name": "input_0036.jpg", "width": 712, "height": 1269, "position": [-0.5239805834813991, 1.4255557269571988, -3.577466581207], "rotation": [[0.8841745273411105, -0.1491094627241268, 0.44272087518801984], [0.14781466930256837, 0.988297996930855, 0.037654917360582296], [-0.4431548586443527, 0.03214712099989936, 0.8958684802309554]], "fy": 1206.5912339511858, "fx": 1181.6186686073222}, {"id": 36, "img_name": "input_0037.jpg", "width": 712, "height": 1269, "position": [-0.5623223086595216, 1.3966241519588753, -3.4845044053468914], "rotation": [[0.8762752815223844, -0.15419634225254508, 0.4564702827444542], [0.152025273672914, 0.987494943004499, 0.04173791687682537], [-0.4571979299576296, 0.032821114796380044, 0.8887591503135037]], "fy": 1206.5912339511858, "fx": 1181.6186686073222}, {"id": 37, "img_name": "input_0038.jpg", "width": 712, "height": 1269, "position": [-0.5793477308548214, 1.3535076650218114, -3.384411263937594], "rotation": [[0.867303225207722, -0.160876570584553, 0.4710667092686943], [0.15647522438090955, 0.9864754442996392, 0.048802683827570754], [-0.47254694973010586, 0.031383543948750786, 0.8807465319091465]], "fy": 1206.5912339511858, "fx": 1181.6186686073222}, {"id": 38, "img_name": "input_0039.jpg", "width": 712, "height": 1269, "position": [-0.6033366740002862, 1.3086955844792791, -3.3032702763089725], "rotation": [[0.8580460977516008, -0.17159667354189517, 0.48405730627954224], [0.16327191180564138, 0.9847743018929892, 0.059681296454642055], [-0.4869283078119213, 0.027823658288087694, 0.8729986638540099]], "fy": 1206.5912339511858, "fx": 1181.6186686073222}, {"id": 39, "img_name": "input_0040.jpg", "width": 712, "height": 1269, "position": [-0.6420973744239059, 1.275111340077724, -3.2323050081699387], "rotation": [[0.8479405071478114, -0.1876918217221259, 0.49575061915901003], [0.17301048568496116, 0.9819939028147294, 0.07586400119786536], [-0.5010631379187317, 0.021441895749340436, 0.8651450612040205]], "fy": 1206.5912339511858, "fx": 1181.6186686073222}, {"id": 40, "img_name": "input_0041.jpg", "width": 712, "height": 1269, "position": [-0.6710473400676328, 1.2333805322235902, -3.1513700760898438], "rotation": [[0.8359368598840955, -0.20669044955216978, 0.5084177655737848], [0.18355631588782978, 0.9783181469111453, 0.09592018724976538], [-0.5172201128966325, 0.013140071851582905, 0.8557515371455258]], "fy": 1206.5912339511858, "fx": 1181.6186686073222}, {"id": 41, "img_name": "input_0042.jpg", "width": 712, "height": 1269, "position": [-0.7095715105595913, 1.199364933175446, -3.0822939356609775], "rotation": [[0.8244222910980468, -0.221618211454011, 0.520781388197171], [0.19220717744381846, 0.9750933226068194, 0.11067706694104894], [-0.5323385077934225, 0.008853279591100294, 0.8464852819516439]], "fy": 1206.5912339511858, "fx": 1181.6186686073222}, {"id": 42, "img_name": "input_0043.jpg", "width": 712, "height": 1269, "position": [-0.7388013020304169, 1.163186023927065, -2.9875163109420657], "rotation": [[0.8119643651717863, -0.23863542562054815, 0.5326978536938909], [0.19987966025739695, 0.971109028856365, 0.13036631270782742], [-0.5484177158941582, 0.0006226656785818284, 0.8362042939263629]], "fy": 1206.5912339511858, "fx": 1181.6186686073222}, {"id": 43, "img_name": "input_0044.jpg", "width": 712, "height": 1269, "position": [-0.7977854722868255, 1.1318925658282484, -2.9024097029323586], "rotation": [[0.8004099180763828, -0.2523707760936957, 0.5437397855765421], [0.20681392416052533, 0.9676248268646925, 0.1446727175676122], [-0.562647281890069, -0.00334451923889285, 0.8266902989468171]], "fy": 1206.5912339511858, "fx": 1181.6186686073222}, {"id": 44, "img_name": "input_0045.jpg", "width": 712, "height": 1269, "position": [-0.8520734760068791, 1.0896962197135738, -2.8154278919633575], "rotation": [[0.7883041699273191, -0.2672602615605237, 0.5542097872338602], [0.21285162060127627, 0.9635758412947828, 0.1619128953495123], [-0.5772960447488017, -0.009672159203210538, 0.8164776335293803]], "fy": 1206.5912339511858, "fx": 1181.6186686073222}, {"id": 45, "img_name": "input_0046.jpg", "width": 712, "height": 1269, "position": [-0.9016792561787932, 1.0446019167237566, -2.721683785030668], "rotation": [[0.7774242742380764, -0.27957845399193393, 0.5634246940708939], [0.2161435778069654, 0.9599777848302773, 0.1781140264133007], [-0.5906720338717625, -0.016689538514703957, 0.8067391199799111]], "fy": 1206.5912339511858, "fx": 1181.6186686073222}, {"id": 46, "img_name": "input_0047.jpg", "width": 712, "height": 1269, "position": [-0.9622413084125531, 1.009702341651708, -2.638638752714866], "rotation": [[0.7685238295928749, -0.2914055406077099, 0.5696085798607934], [0.2201353368456533, 0.9563384313202532, 0.19224265461069792], [-0.6007591504253201, -0.02235208453468393, 0.7991175304654518]], "fy": 1206.5912339511858, "fx": 1181.6186686073222}, {"id": 47, "img_name": "input_0048.jpg", "width": 712, "height": 1269, "position": [-1.0009426380198223, 0.9818747963573008, -2.554083851835323], "rotation": [[0.7626018221413892, -0.29907907928644706, 0.5735766428297131], [0.22168760595744325, 0.9538361011529906, 0.20261119786951362], [-0.6076948792210534, -0.027356835899514004, 0.7936992738424778]], "fy": 1206.5912339511858, "fx": 1181.6186686073222}, {"id": 48, "img_name": "input_0049.jpg", "width": 712, "height": 1269, "position": [-1.0280532833826703, 0.9520113021811268, -2.4879272235480427], "rotation": [[0.7580029987743592, -0.30306615035490925, 0.577565894386203], [0.22070518577312914, 0.9524388664981621, 0.21011764932186142], [-0.6137757528787916, -0.03179802026465973, 0.7888397879704856]], "fy": 1206.5912339511858, "fx": 1181.6186686073222}, {"id": 49, "img_name": "input_0050.jpg", "width": 712, "height": 1269, "position": [-1.0490992738467102, 0.9316882033834389, -2.4066425984541846], "rotation": [[0.7539935206475615, -0.3059643170162519, 0.5812741242600377], [0.21949656436728548, 0.9513875026692132, 0.21606267145389957], [-0.6191244051500904, -0.03532218109936227, 0.7844981290417018]], "fy": 1206.5912339511858, "fx": 1181.6186686073222}, {"id": 50, "img_name": "input_0051.jpg", "width": 712, "height": 1269, "position": [-1.0633970440903393, 0.9002145107553414, -2.320632480516849], "rotation": [[0.7468000951337486, -0.3107885584086587, 0.5879626602689085], [0.22231644392234262, 0.9498928742705794, 0.21972465990803344], [-0.6267894516262604, -0.033376629132445684, 0.7784734959893027]], "fy": 1206.5912339511858, "fx": 1181.6186686073222}, {"id": 51, "img_name": "input_0052.jpg", "width": 712, "height": 1269, "position": [-1.0892316080398612, 0.8544069862691549, -2.220867474576406], "rotation": [[0.7343311132623613, -0.31768513530050796, 0.5998616264639361], [0.22611111519130458, 0.9477317594137603, 0.22511835950326908], [-0.6400246711508906, -0.029676034229601633, 0.767781058186901]], "fy": 1206.5912339511858, "fx": 1181.6186686073222}, {"id": 52, "img_name": "input_0053.jpg", "width": 712, "height": 1269, "position": [-1.1217187522633305, 0.8038811677504449, -2.1223448413239625], "rotation": [[0.7204805365331354, -0.3259008432227574, 0.6121245272521114], [0.23011308231039154, 0.9450322637581389, 0.23229720145920496], [-0.6541832815247852, -0.02650775061869917, 0.7558713999951316]], "fy": 1206.5912339511858, "fx": 1181.6186686073222}, {"id": 53, "img_name": "input_0054.jpg", "width": 712, "height": 1269, "position": [-1.1568682937605228, 0.7567884168931511, -2.0298115896085736], "rotation": [[0.7040663290820883, -0.33446334951858786, 0.6264382428313898], [0.23271179173868703, 0.9420975765899876, 0.24144850003477436], [-0.6709216245126121, -0.024216193178932602, 0.7411327477242377]], "fy": 1206.5912339511858, "fx": 1181.6186686073222}, {"id": 54, "img_name": "input_0055.jpg", "width": 712, "height": 1269, "position": [-1.2130653936337479, 0.7201834007574875, -1.9620849364264783], "rotation": [[0.684697643436336, -0.3454042999673591, 0.641782678666842], [0.23896611144713953, 0.9382845100758241, 0.2500347490482154], [-0.6885378236905808, -0.01783389233536442, 0.7249811153620548]], "fy": 1206.5912339511858, "fx": 1181.6186686073222}, {"id": 55, "img_name": "input_0056.jpg", "width": 712, "height": 1269, "position": [-1.2689451548103243, 0.6941978140238447, -1.8863336765165606], "rotation": [[0.6442210876847783, -0.36348282429908124, 0.6729483090266328], [0.2484367580911103, 0.9315933039864139, 0.2653546555025105], [-0.7233659982411533, -0.0037619685325756265, 0.6904545460646483]], "fy": 1206.5912339511858, "fx": 1181.6186686073222}, {"id": 56, "img_name": "input_0057.jpg", "width": 712, "height": 1269, "position": [-1.355945335435645, 0.6637633235899412, -1.8166911959368996], "rotation": [[0.5998926536795595, -0.3807668999596245, 0.703665667740322], [0.2594937318852853, 0.9245463177420145, 0.27906470479429984], [-0.7568301045634636, 0.015187963814131985, 0.6534351678488364]], "fy": 1206.5912339511858, "fx": 1181.6186686073222}, {"id": 57, "img_name": "input_0058.jpg", "width": 712, "height": 1269, "position": [-1.4398346393500179, 0.6233544549610814, -1.7469019791957803], "rotation": [[0.5514442304806921, -0.3974060759529631, 0.7334696118212566], [0.2692977159911911, 0.9169675904238772, 0.29436232482122493], [-0.7895492390164688, 0.03519728551886207, 0.6126770358521844]], "fy": 1206.5912339511858, "fx": 1181.6186686073222}, {"id": 58, "img_name": "input_0059.jpg", "width": 712, "height": 1269, "position": [-1.5092218845784768, 0.5860286198374967, -1.6874311126550572], "rotation": [[0.5040961496899615, -0.4130511651084616, 0.7584693842669578], [0.2783147967970865, 0.909058771117434, 0.31008551165486126], [-0.8175744282642113, 0.054780340059212444, 0.5732112774461479]], "fy": 1206.5912339511858, "fx": 1181.6186686073222}, {"id": 59, "img_name": "input_0060.jpg", "width": 712, "height": 1269, "position": [-1.5487141121699237, 0.5498140886734039, -1.617191670314216], "rotation": [[0.4676286448156431, -0.4234215272702539, 0.775910858792433], [0.2822470874256998, 0.9033761304608766, 0.32287481870415774], [-0.8376514980513045, 0.06801306608041595, 0.54195404847159]], "fy": 1206.5912339511858, "fx": 1181.6186686073222}, {"id": 60, "img_name": "input_0061.jpg", "width": 712, "height": 1269, "position": [-1.5579507023960133, 0.5197041691905936, -1.5563235494152647], "rotation": [[0.45343743918113905, -0.4262545055725913, 0.7827525696079936], [0.28350209046535957, 0.901591485247669, 0.3267405062594374], [-0.844997664760455, 0.07375561136596984, 0.5296593776583305]], "fy": 1206.5912339511858, "fx": 1181.6186686073222}, {"id": 61, "img_name": "input_0062.jpg", "width": 712, "height": 1269, "position": [-1.5358163835676308, 0.5046172552421576, -1.4913411512276864], "rotation": [[0.44651686526867346, -0.42658860629926487, 0.7865397955642728], [0.2823848965183475, 0.9012959037954195, 0.3285185900674726], [-0.8490473833944484, 0.07541786775856715, 0.5229060010879506]], "fy": 1206.5912339511858, "fx": 1181.6186686073222}, {"id": 62, "img_name": "input_0063.jpg", "width": 712, "height": 1269, "position": [-1.4774899022096186, 0.48876401850744905, -1.39623714258546], "rotation": [[0.4311004498413806, -0.4361582973893139, 0.7898850180659299], [0.28485978775691084, 0.8964272087068001, 0.3395190139141292], [-0.8561584569842472, 0.07863967897054143, 0.5106941329462902]], "fy": 1206.5912339511858, "fx": 1181.6186686073222}, {"id": 63, "img_name": "input_0064.jpg", "width": 712, "height": 1269, "position": [-1.4428965211941436, 0.47795004729405993, -1.34905355686177], "rotation": [[0.41520563792545423, -0.4434998694162237, 0.7942997822376062], [0.28669590312137166, 0.8924177440592765, 0.34841932957511507], [-0.863371146939911, 0.08305682341592474, 0.4976864743146213]], "fy": 1206.5912339511858, "fx": 1181.6186686073222}, {"id": 64, "img_name": "input_0065.jpg", "width": 712, "height": 1269, "position": [-1.4009654810128616, 0.47025264590297944, -1.3060825536808154], "rotation": [[0.39322862967321975, -0.4566485216488237, 0.7980246690931714], [0.29076046762260077, 0.8851642956641975, 0.36323892983708606], [-0.8722554644559174, 0.08919807933609768, 0.4808472807134743]], "fy": 1206.5912339511858, "fx": 1181.6186686073222}, {"id": 65, "img_name": "input_0066.jpg", "width": 712, "height": 1269, "position": [-1.358314373077518, 0.46261943601807526, -1.2584320732339582], "rotation": [[0.3646955073326027, -0.4713790670980485, 0.8029937496850078], [0.2930605361825587, 0.8766701194275123, 0.3815298465852214], [-0.8838058095893049, 0.09618355787100431, 0.4578602561169384]], "fy": 1206.5912339511858, "fx": 1181.6186686073222}, {"id": 66, "img_name": "input_0067.jpg", "width": 712, "height": 1269, "position": [-1.313104350478201, 0.4684425817775393, -1.1890205558753237], "rotation": [[0.3251357086944438, -0.48680434367266096, 0.8107455222899425], [0.2950607523622887, 0.8667486885585094, 0.4021018071303636], [-0.8984575245091789, 0.10848152775257987, 0.4254478050117362]], "fy": 1206.5912339511858, "fx": 1181.6186686073222}, {"id": 67, "img_name": "input_0068.jpg", "width": 712, "height": 1269, "position": [-1.3185734230582857, 0.4471220474699434, -1.1221685240403831], "rotation": [[0.2782874282588225, -0.5017700832429821, 0.8190133642593516], [0.2983856747636447, 0.8556700571661718, 0.4228412732516594], [-0.912974313093712, 0.12671044484007912, 0.38784322451152115]], "fy": 1206.5912339511858, "fx": 1181.6186686073222}, {"id": 68, "img_name": "input_0069.jpg", "width": 712, "height": 1269, "position": [-1.3283359520872051, 0.40976804285024276, -1.0321611849241727], "rotation": [[0.22887861803731824, -0.5150526521975906, 0.8260359215370451], [0.30329884478789554, 0.844053286595617, 0.44224864062817126], [-0.9249996697057009, 0.14931448305963196, 0.34940062420233226]], "fy": 1206.5912339511858, "fx": 1181.6186686073222}, {"id": 69, "img_name": "input_0070.jpg", "width": 712, "height": 1269, "position": [-1.3444134100704128, 0.342708358830992, -0.9009410887924383], "rotation": [[0.17187873772452555, -0.5256244587134751, 0.8331726279231632], [0.29908856470489864, 0.8336804122038861, 0.4642445484551459], [-0.9386179893763955, 0.16939863845298472, 0.3005002018456686]], "fy": 1206.5912339511858, "fx": 1181.6186686073222}, {"id": 70, "img_name": "input_0071.jpg", "width": 712, "height": 1269, "position": [-1.3780972686856683, 0.2962192075717096, -0.7755803943565008], "rotation": [[0.1306431238544725, -0.5315815474997287, 0.8368712162258531], [0.29711514557464724, 0.8263016035515971, 0.4784853709761834], [-0.945862021893099, 0.1861362896531817, 0.26589155160411865]], "fy": 1206.5912339511858, "fx": 1181.6186686073222}, {"id": 71, "img_name": "input_0072.jpg", "width": 712, "height": 1269, "position": [-1.4116471931814132, 0.2354852858213158, -0.6819570073565749], "rotation": [[0.13215115154694274, -0.5294209716246858, 0.8380032863591828], [0.30167612828103413, 0.8267943126966627, 0.4747659192884618], [-0.9442073854668698, 0.19006472396640794, 0.2689754894658456]], "fy": 1206.5912339511858, "fx": 1181.6186686073222}, {"id": 72, "img_name": "input_0073.jpg", "width": 712, "height": 1269, "position": [-1.4152553235267473, 0.19463971795891158, -0.6131069492776229], "rotation": [[0.13573147694302526, -0.5255318544235298, 0.8398769172640899], [0.2978799572859894, 0.8301454071908646, 0.47130259278642916], [-0.9449044910540756, 0.18621190323413642, 0.2692222685435931]], "fy": 1206.5912339511858, "fx": 1181.6186686073222}, {"id": 73, "img_name": "input_0074.jpg", "width": 712, "height": 1269, "position": [-1.41883940305013, 0.17349599166257057, -0.5693409108151927], "rotation": [[0.14099725536066413, -0.522374268945957, 0.840978535471588], [0.29761218727968547, 0.8325378544694231, 0.4672341028414462], [-0.9442175384747739, 0.18440673528541957, 0.27285050122367754]], "fy": 1206.5912339511858, "fx": 1181.6186686073222}, {"id": 74, "img_name": "input_0075.jpg", "width": 712, "height": 1269, "position": [-1.4078605884832902, 0.16953571893296857, -0.545041076027789], "rotation": [[0.14682267077061303, -0.519845279147945, 0.841548566094304], [0.29731305721743073, 0.8346210401880506, 0.4636945819000275], [-0.9434235789695996, 0.18212250004601782, 0.277098079425281]], "fy": 1206.5912339511858, "fx": 1181.6186686073222}, {"id": 75, "img_name": "input_0076.jpg", "width": 712, "height": 1269, "position": [-1.4065222391772434, 0.16616864293568662, -0.5350515250111916], "rotation": [[0.15184205499081643, -0.5213317749506838, 0.8397363697988408], [0.2988970473362013, 0.8340289654499552, 0.4637415658361652], [-0.9421276693898057, 0.18057924913247156, 0.2824652002510862]], "fy": 1206.5912339511858, "fx": 1181.6186686073222}, {"id": 76, "img_name": "input_0077.jpg", "width": 712, "height": 1269, "position": [-1.4034557536851564, 0.15807284433681057, -0.5116685750992267], "rotation": [[0.15269089883150588, -0.5235319708615203, 0.8382122433488303], [0.3018983256393838, 0.8323238277690441, 0.46485959891565426], [-0.9410328848611845, 0.18207504280855918, 0.2851416988027145]], "fy": 1206.5912339511858, "fx": 1181.6186686073222}, {"id": 77, "img_name": "input_0078.jpg", "width": 712, "height": 1269, "position": [-1.4164683413332628, 0.13519743818224927, -0.45478831438677025], "rotation": [[0.13924409364260437, -0.5244867220425848, 0.839955213560029], [0.30371253943487664, 0.82995873329351, 0.46789656380427785], [-0.9425337000742562, 0.1899530979764649, 0.2748600458296466]], "fy": 1206.5912339511858, "fx": 1181.6186686073222}, {"id": 78, "img_name": "input_0079.jpg", "width": 712, "height": 1269, "position": [-1.4332653400465263, 0.10960673870890772, -0.35311488051577633], "rotation": [[0.118918642336846, -0.524515571967779, 0.843055022681245], [0.30763476155658487, 0.8267614824382968, 0.470984399570148], [-0.9440440720574355, 0.2033442055229096, 0.2596765759429839]], "fy": 1206.5912339511858, "fx": 1181.6186686073222}, {"id": 79, "img_name": "input_0080.jpg", "width": 712, "height": 1269, "position": [-1.483735561987888, 0.05479826376137833, -0.22506193043102732], "rotation": [[0.09956189188952812, -0.5222167436210255, 0.8469811700181002], [0.3112079120549496, 0.8248492080926781, 0.4719887915864958], [-0.9451121971267626, 0.2165951444301875, 0.24464153010372033]], "fy": 1206.5912339511858, "fx": 1181.6186686073222}, {"id": 80, "img_name": "input_0081.jpg", "width": 712, "height": 1269, "position": [-1.5315626570324872, -0.006079589016471468, -0.09684851294026767], "rotation": [[0.08486385191222956, -0.5224569470871567, 0.8484320038040684], [0.31519544645823905, 0.8218529112214563, 0.47456255946798864], [-0.9452248183213398, 0.22714869745870184, 0.23442165444387741]], "fy": 1206.5912339511858, "fx": 1181.6186686073222}, {"id": 81, "img_name": "input_0082.jpg", "width": 712, "height": 1269, "position": [-1.5774038065571199, -0.061487666750389816, 0.024325492471525652], "rotation": [[0.08336367586364363, -0.519423856981481, 0.8504406824376308], [0.3172810640317976, 0.8228345178096198, 0.4714616450018613], [-0.9446603749249523, 0.23052594886366423, 0.23339786405868315]], "fy": 1206.5912339511858, "fx": 1181.6186686073222}, {"id": 82, "img_name": "input_0083.jpg", "width": 712, "height": 1269, "position": [-1.598567034761651, -0.11156152945768867, 0.13534435851514892], "rotation": [[0.0837274008092621, -0.5163265439573885, 0.8522890485972139], [0.31863544551494793, 0.824260764105818, 0.4680444910659496], [-0.9441722169261366, 0.2323813520072385, 0.23353314973269235]], "fy": 1206.5912339511858, "fx": 1181.6186686073222}, {"id": 83, "img_name": "input_0084.jpg", "width": 712, "height": 1269, "position": [-1.584734594240606, -0.1432716677046902, 0.2323122706049039], "rotation": [[0.08672395427202942, -0.5144723455656601, 0.8531102867763294], [0.3190819997696869, 0.8255691913621704, 0.4654268875952371], [-0.94375083214713, 0.23184847621189994, 0.23575548964938142]], "fy": 1206.5912339511858, "fx": 1181.6186686073222}, {"id": 84, "img_name": "input_0085.jpg", "width": 712, "height": 1269, "position": [-1.5594368841370334, -0.17498706783597048, 0.33583536394025626], "rotation": [[0.0887841468182334, -0.5144301923396886, 0.8529237670994454], [0.3183129254950979, 0.8260555052546695, 0.46509051129990253], [-0.9438189745584215, 0.2302039952907063, 0.2370904127451927]], "fy": 1206.5912339511858, "fx": 1181.6186686073222}, {"id": 85, "img_name": "input_0086.jpg", "width": 712, "height": 1269, "position": [-1.5340233811808244, -0.21227634442256935, 0.45718292923434867], "rotation": [[0.08619176106220523, -0.5123762735575171, 0.8544246804840715], [0.3169024994193596, 0.8271731769873878, 0.46406609565271456], [-0.9445336342273676, 0.23077064277742085, 0.2336688345615169]], "fy": 1206.5912339511858, "fx": 1181.6186686073222}, {"id": 86, "img_name": "input_0087.jpg", "width": 712, "height": 1269, "position": [-1.474888839328587, -0.24825195516590573, 0.5777664554742156], "rotation": [[0.08034867216293032, -0.5151779075941283, 0.8533087450674521], [0.31656018564398986, 0.8249455656092846, 0.4682461560404101], [-0.9451633402469103, 0.2325006178669494, 0.229368094871083]], "fy": 1206.5912339511858, "fx": 1181.6186686073222}, {"id": 87, "img_name": "input_0088.jpg", "width": 712, "height": 1269, "position": [-1.4419053438232232, -0.29386267309793224, 0.6805883843926391], "rotation": [[0.07241297790933207, -0.5169559454112262, 0.8529436740689784], [0.31454717466313853, 0.8233829268184621, 0.4723352948227563], [-0.9464757976523963, 0.23408781755539596, 0.22223064174503937]], "fy": 1206.5912339511858, "fx": 1181.6186686073222}, {"id": 88, "img_name": "input_0089.jpg", "width": 712, "height": 1269, "position": [-1.3995599862414247, -0.32128412100421555, 0.7612032237084644], "rotation": [[0.0658643743451254, -0.5221387393866923, 0.8503134839715301], [0.31179977541230663, 0.8202613141782544, 0.4795333945778937], [-0.9478622179647002, 0.23354338632091182, 0.21682873993269652]], "fy": 1206.5912339511858, "fx": 1181.6186686073222}, {"id": 89, "img_name": "input_0090.jpg", "width": 712, "height": 1269, "position": [-1.3869023760154229, -0.34892664967836917, 0.8403551490780999], "rotation": [[0.053878208605002136, -0.5269164113770294, 0.8482076597502928], [0.3065283910369919, 0.8171560363459337, 0.48815607929398575], [-0.9503354587332771, 0.2336987541365085, 0.20554174317946958]], "fy": 1206.5912339511858, "fx": 1181.6186686073222}, {"id": 90, "img_name": "input_0091.jpg", "width": 712, "height": 1269, "position": [-1.3691449769247084, -0.3702491329443673, 0.9405995100138039], "rotation": [[0.004081673765791382, -0.5300151589845932, 0.8479783435830224], [0.2983661878236563, 0.8100057448432707, 0.504844838821273], [-0.9544427473153371, 0.2509474537974731, 0.1614447816738493]], "fy": 1206.5912339511858, "fx": 1181.6186686073222}, {"id": 91, "img_name": "input_0092.jpg", "width": 712, "height": 1269, "position": [-1.366806997711499, -0.40529891643933447, 1.0686834424586438], "rotation": [[-0.06682966987046472, -0.5296279393229538, 0.8455933071598462], [0.2878893052495445, 0.801208387383078, 0.52458065910777], [-0.9553290235033892, 0.27849482199051595, 0.0989297274661746]], "fy": 1206.5912339511858, "fx": 1181.6186686073222}, {"id": 92, "img_name": "input_0093.jpg", "width": 712, "height": 1269, "position": [-1.386901536289605, -0.4765548119264, 1.2448464446715553], "rotation": [[-0.14899880667439974, -0.5243017946103191, 0.8383954817256611], [0.2783544427569044, 0.7913353756255488, 0.5443410029393936], [-0.9488509681752438, 0.31447726698756856, 0.028033707227755764]], "fy": 1206.5912339511858, "fx": 1181.6186686073222}, {"id": 93, "img_name": "input_0094.jpg", "width": 712, "height": 1269, "position": [-1.3780826339832264, -0.519484602174304, 1.3548310738042935], "rotation": [[-0.1962235196847004, -0.5198331092744999, 0.831426406138603], [0.27382827581826824, 0.7851275034119869, 0.555511366894013], [-0.9415489396122446, 0.3366724548995153, -0.011715478094875904]], "fy": 1206.5912339511858, "fx": 1181.6186686073222}, {"id": 94, "img_name": "input_0095.jpg", "width": 712, "height": 1269, "position": [-1.3679711520954863, -0.5780554189740786, 1.4829359077145947], "rotation": [[-0.22724943621619936, -0.5136986602038817, 0.8273278553537017], [0.27010855419594504, 0.7829734983095596, 0.5603515591974971], [-0.9356276303581434, 0.3508079067661201, -0.03917588366300808]], "fy": 1206.5912339511858, "fx": 1181.6186686073222}, {"id": 95, "img_name": "input_0096.jpg", "width": 712, "height": 1269, "position": [-1.3479899427567112, -0.6170039393245044, 1.5955767106018115], "rotation": [[-0.2562980590497538, -0.5064084345422545, 0.8233236316004731], [0.2651010330947253, 0.7822865139919055, 0.5636925157197862], [-0.9295336181007324, 0.36273724298844057, -0.06624911599188908]], "fy": 1206.5912339511858, "fx": 1181.6186686073222}, {"id": 96, "img_name": "input_0097.jpg", "width": 712, "height": 1269, "position": [-1.317297007686759, -0.6337096469566966, 1.6957965366261933], "rotation": [[-0.28488189844392925, -0.4997419799004922, 0.8179854873187656], [0.26258057969316223, 0.7800199108390667, 0.567996811489833], [-0.9218968180371299, 0.3765991134080778, -0.09099101424461783]], "fy": 1206.5912339511858, "fx": 1181.6186686073222}, {"id": 97, "img_name": "input_0098.jpg", "width": 712, "height": 1269, "position": [-1.2870293470029275, -0.6592279751858837, 1.797135943736416], "rotation": [[-0.3141919905330554, -0.4903877045696306, 0.8128980823521512], [0.25993265067510873, 0.7791035669099332, 0.5704670447459966], [-0.9130818201004156, 0.3905349295967619, -0.11732032461156919]], "fy": 1206.5912339511858, "fx": 1181.6186686073222}, {"id": 98, "img_name": "input_0099.jpg", "width": 712, "height": 1269, "position": [-1.236458749348542, -0.6820351462770718, 1.8897808851457016], "rotation": [[-0.3436299188328384, -0.48068673956652