{
  "input_0001.jpg": {
    "R": [
      [
        0.9720856106584762,
        -0.10448779580456884,
        0.210075857914802
      ],
      [
        0.10419843148095127,
        0.9944782650817154,
        0.012476664497008655
      ],
      [
        -0.2102195338869508,
        0.009761188860181964,
        0.9776054760302793
      ]
    ],
    "t": [
      -1.039876628515644,
      -1.9577517856834556,
      4.92064142914226
    ],
    "w2c": [
      [
        0.9720856106584762,
        -0.10448779580456884,
        0.210075857914802,
        -1.039876628515644
      ],
      [
        0.10419843148095127,
        0.9944782650817154,
        0.012476664497008655,
        -1.9577517856834556
      ],
      [
        -0.2102195338869508,
        0.009761188860181964,
        0.9776054760302793,
        4.92064142914226
      ],
      [
        0.0,
        0.0,
        0.0,
        1.0
      ]
    ],
    "c2w": [
      [
        0.9720856106584763,
        0.10419843148095129,
        -0.2102195338869508,
        2.249258720396461
      ],
      [
        -0.10448779580456885,
        0.9944782650817153,
        0.009761188860181963,
        1.7902558721617339
      ],
      [
        0.21007585791480204,
        0.012476664497008658,
        0.9776054760302794,
        -4.5675668196515655
      ],
      [
        0.0,
        0.0,
        0.0,
        1.0
      ]
    ]
  },
  "input_0002.jpg": {
    "R": [
      [
        0.9729632869042159,
        -0.10221481743904487,
        0.20711005150027686
      ],
      [
        0.10188286378761077,
        0.9947203931293344,
        0.012297217533153744
      ],
      [
        -0.2072735496945516,
        0.009136223975214334,
        0.9782403615719886
      ]
    ],
    "t": [
      -1.0489326788564644,
      -1.9543428681077832,
      4.918516562930826
    ],
    "w2c": [
      [
        0.9729632869042159,
        -0.10221481743904487,
        0.20711005150027686,
        -1.0489326788564644
      ],
      [
        0.10188286378761077,
        0.9947203931293344,
        0.012297217533153744,
        -1.9543428681077832
      ],
      [
        -0.2072735496945516,
        0.009136223975214334,
        0.9782403615719886,
        4.918516562930826
      ],
      [
        0.0,
        0.0,
        0.0,
        1.0
      ]
    ],
    "c2w": [
      [
        0.9729632869042157,
        0.10188286378761076,
        -0.20727354969455164,
        2.239165422417261
      ],
      [
        -0.10221481743904488,
        0.9947203931293344,
        0.00913622397521434,
        1.791871574853786
      ],
      [
        0.20711005150027686,
        0.012297217533153748,
        0.9782403615719887,
        -4.570213940397491
      ],
      [
        0.0,
        0.0,
        0.0,
        1.0
      ]
    ]
  },
  "input_0003.jpg": {
    "R": [
      [
        0.973876325313636,
        -0.09922408225183806,
        0.20425348098597837
      ],
      [
        0.09892941356195749,
        0.9950259128229052,
        0.011679209871883587
      ],
      [
        -0.20439636524629326,
        0.008832571099334543,
        0.978848359840215
      ]
    ],
    "t": [
      -1.0596782068984973,
      -1.950295151551437,
      4.90997359897462
    ],
    "w2c": [
      [
        0.973876325313636,
        -0.09922408225183806,
        0.20425348098597837,
        -1.0596782068984973
      ],
      [
        0.09892941356195749,
        0.9950259128229052,
        0.011679209871883587,
        -1.950295151551437
      ],
      [
        -0.20439636524629326,
        0.008832571099334543,
        0.978848359840215,
        4.90997359897462
      ],
      [
        0.0,
        0.0,
        0.0,
        1.0
      ]
    ],
    "c2w": [
      [
        0.9738763253136361,
        0.0989294135619575,
        -0.2043963652462933,
        2.228517830850638
      ],
      [
        -0.09922408225183803,
        0.9950259128229051,
        0.008832571099334543,
        1.792080924975979
      ],
      [
        0.20425348098597834,
        0.011679209871883587,
        0.9788483598402149,
        -4.5668987353439805
      ],
      [
        0.0,
        0.0,
        0.0,
        1.0
      ]
    ]
  },
  "input_0004.jpg": {
    "R": [
      [
        0.9765427991763567,
        -0.0920369773325006,
        0.19466215908671802
      ],
      [
        0.09158476540334562,
        0.9957326942514617,
        0.011341620022692385
      ],
      [
        -0.1948753245611668,
        0.006752510808711179,
        0.9808047774531679
      ]
    ],
    "t": [
      -1.0798160183922503,
      -1.9374264575585585,
      4.899376640326146
    ],
    "w2c": [
      [
        0.9765427991763567,
        -0.0920369773325006,
        0.19466215908671802,
        -1.0798160183922503
      ],
      [
        0.09158476540334562,
        0.9957326942514617,
        0.011341620022692385,
        -1.9374264575585585
      ],
      [
        -0.1948753245611668,
        0.006752510808711179,
        0.9808047774531679,
        4.899376640326146
      ],
      [
        0.0,
        0.0,
        0.0,
        1.0
      ]
    ],
    "c2w": [
      [
        0.9765427991763566,
        0.09158476540334562,
        -0.19487532456116677,
        2.1866929177289287
      ],
      [
        -0.09203697733250059,
        0.9957326942514617,
        0.006752510808711179,
        1.796692770371061
      ],
      [
        0.19466215908671802,
        0.011341620022692388,
        0.9808047774531679,
        -4.573159143114136
      ],
      [
        0.0,
        0.0,
        0.0,
        1.0
      ]
    ]
  },
  "input_0005.jpg": {
    "R": [
      [
        0.9806530888118026,
        -0.08017441437089971,
        0.1785821454797598
      ],
      [
        0.07962257534444923,
        0.9967722077428146,
        0.010267003800176259
      ],
      [
        -0.17882887043033163,
        0.00415080134415021,
        0.9838714377136949
      ]
    ],
    "t": [
      -1.1037806724790664,
      -1.9153870969644222,
      4.877543573809604
    ],
    "w2c": [
      [
        0.9806530888118026,
        -0.08017441437089971,
        0.1785821454797598,
        -1.1037806724790664
      ],
      [
        0.07962257534444923,
        0.9967722077428146,
        0.010267003800176259,
        -1.9153870969644222
      ],
      [
        -0.17882887043033163,
        0.00415080134415021,
        0.9838714377136949,
        4.877543573809604
      ],
      [
        0.0,
        0.0,
        0.0,
        1.0
      ]
    ],
    "c2w": [
      [
        0.9806530888118027,
        0.07962257534444923,
        -0.17882887043033163,
        2.1071795870582952
      ],
      [
        -0.0801744143708997,
        0.9967722077428145,
        0.004150801344150208,
        1.8004639418910804
      ],
      [
        0.17858214547975987,
        0.010267003800176259,
        0.983871437713695,
        -4.582095001241502
      ],
      [
        0.0,
        0.0,
        0.0,
        1.0
      ]
    ]
  },
  "input_0006.jpg": {
    "R": [
      [
        0.9842041919002488,
        -0.06742840371587344,
        0.16369336888923575
      ],
      [
        0.06686851586322004,
        0.9977217932615876,
        0.00893447464220568
      ],
      [
        -0.16392287891636276,
        0.0021525852389884816,
        0.9864708085617944
      ]
    ],
    "t": [
      -1.1294994001710235,
      -1.8940223817861965,
      4.838627182041687
    ],
    "w2c": [
      [
        0.9842041919002488,
        -0.06742840371587344,
        0.16369336888923575,
        -1.1294994001710235
      ],
      [
        0.06686851586322004,
        0.9977217932615876,
        0.00893447464220568,
        -1.8940223817861965
      ],
      [
        -0.16392287891636276,
        0.0021525852389884816,
        0.9864708085617944,
        4.838627182041687
      ],
      [
        0.0,
        0.0,
        0.0,
        1.0
      ]
    ],
    "c2w": [
      [
        0.9842041919002488,
        0.06686851586322004,
        -0.16392287891636273,
        2.0314702077621427
      ],
      [
        -0.06742840371587344,
        0.9977217932615875,
        0.002152585238988484,
        1.803131508232707
      ],
      [
        0.16369336888923577,
        0.008934474642205684,
        0.9864708085617944,
        -4.571350811683535
      ],
      [
        0.0,
        0.0,
        0.0,
        1.0
      ]
    ]
  },
  "input_0007.jpg": {
    "R": [
      [
        0.9875195763917805,
        -0.056041598153669506,
        0.14718840144312054
      ],
      [
        0.05571570526928919,
        0.9984265489282066,
        0.0063392887343261504
      ],
      [
        -0.1473120715669435,
        0.0019405338683157768,
        0.9890881598214396
      ]
    ],
    "t": [
      -1.1548170012414645,
      -1.883034392428604,
      4.7865023759113114
    ],
    "w2c": [
      [
        0.9875195763917805,
        -0.056041598153669506,
        0.14718840144312054,
        -1.1548170012414645
      ],
      [
        0.05571570526928919,
        0.9984265489282066,
        0.0063392887343261504,
        -1.883034392428604
      ],
      [
        -0.1473120715669435,
        0.0019405338683157768,
        0.9890881598214396,
        4.7865023759113114
      ],
      [
        0.0,
        0.0,
        0.0,
        1.0
      ]
    ],
    "c2w": [
      [
        0.9875195763917805,
        0.055715705269289206,
        -0.14731207156694354,
        1.9504285656520766
      ],
      [
        -0.05604159815366951,
        0.9984265489282068,
        0.0019405338683157794,
        1.806065369649784
      ],
      [
        0.1471884014431206,
        0.006339288734326155,
        0.9890881598214398,
        -4.552360059888727
      ],
      [
        0.0,
        0.0,
        0.0,
        1.0
      ]
    ]
  },
  "input_0008.jpg": {
    "R": [
      [
        0.9900551011369333,
        -0.04645176111963811,
        0.13278979856005863
      ],
      [
        0.04619960165144661,
        0.9989198095511403,
        0.004981053458980971
      ],
      [
        -0.13287773899334876,
        0.001203318410750669,
        0.9911317059325757
      ]
    ],
    "t": [
      -1.1709792403904518,
      -1.8744430544634674,
      4.743835498241515
    ],
    "w2c": [
      [
        0.9900551011369333,
        -0.04645176111963811,
        0.13278979856005863,
        -1.1709792403904518
      ],
      [
        0.04619960165144661,
        0.9989198095511403,
        0.004981053458980971,
        -1.8744430544634674
      ],
      [
        -0.13287773899334876,
        0.001203318410750669,
        0.9911317059325757,
        4.743835498241515
      ],
      [
        0.0,
        0.0,
        0.0,
        1.0
      ]
    ],
    "c2w": [
      [
        0.9900551011369332,
        0.0461996016514466,
        -0.13287773899334876,
        1.8762826278712694
      ],
      [
        -0.0464517611196381,
        0.9989198095511402,
        0.0012033184107506695,
        1.8123159064358254
      ],
      [
        0.1327897985600586,
        0.004981053458980971,
        0.9911317059325758,
        -4.536934971526067
      ],
      [
        0.0,
        0.0,
        0.0,
        1.0
      ]
    ]
  },
  "input_0009.jpg": {
    "R": [
      [
        0.9921203342673267,
        -0.03843717793648161,
        0.11924691059129013
      ],
      [
        0.03813906219442937,
        0.9992609993458944,
        0.004781957880815687
      ],
      [
        -0.11934259201231277,
        -0.0001963123116323637,
        0.9928531146112495
      ]
    ],
    "t": [
      -1.1779119748456817,
      -1.8593433903423426,
      4.690111774642434
    ],
    "w2c": [
      [
        0.9921203342673267,
        -0.03843717793648161,
        0.11924691059129013,
        -1.1779119748456817
      ],
      [
        0.03813906219442937,
        0.9992609993458944,
        0.004781957880815687,
        -1.8593433903423426
      ],
      [
        -0.11934259201231277,
        -0.0001963123116323637,
        0.9928531146112495,
        4.690111774642434
      ],
      [
        0.0,
        0.0,
        0.0,
        1.0
      ]
    ],
    "c2w": [
      [
        0.9921203342673268,
        0.03813906219442937,
        -0.11934259201231276,
        1.7992741314397485
      ],
      [
        -0.038437177936481604,
        0.9992609993458944,
        -0.00019631231163236442,
        1.8136144488743111
      ],
      [
        0.11924691059129014,
        0.004781957880815688,
        0.9928531146112496,
        -4.507238417601212
      ],
      [
        0.0,
        0.0,
        0.0,
        1.0
      ]
    ]
  },
  "input_0010.jpg": {
    "R": [
      [
        0.9938702833004247,
        -0.032777151197385224,
        0.10558180871588316
      ],
      [
        0.03254558699970922,
        0.9994625809651374,
        0.0039158673816255644
      ],
      [
        -0.10565341801938047,
        -0.0004556422827936596,
        0.994402910117892
      ]
    ],
    "t": [
      -1.177718292250238,
      -1.8521794188119045,
      4.633488029934946
    ],
    "w2c": [
      [
        0.9938702833004247,
        -0.032777151197385224,
        0.10558180871588316,
        -1.177718292250238
      ],
      [
        0.03254558699970922,
        0.9994625809651374,
        0.0039158673816255644,
        -1.8521794188119045
      ],
      [
        -0.10565341801938047,
        -0.0004556422827936596,
        0.994402910117892,
        4.633488029934946
      ],
      [
        0.0,
        0.0,
        0.0,
        1.0
      ]
    ],
    "c2w": [
      [
        0.9938702833004247,
        0.03254558699970922,
        -0.10565341801938045,
        1.7203233268953628
      ],
      [
        -0.03277715119738522,
        0.9994625809651374,
        -0.0004556422827936595,
        1.8146929848664988
      ],
      [
        0.10558180871588314,
        0.0039158673816255644,
        0.9944029101178917,
        -4.475955464539122
      ],
      [
        0.0,
        0.0,
        0.0,
        1.0
      ]
    ]
  },
  "input_0011.jpg": {
    "R": [
      [
        0.995479566601387,
        -0.02634530650877868,
        0.09124887563183025
      ],
      [
        0.02608276288954964,
        0.9996515066981592,
        0.00406873888909932
      ],
      [
        -0.09132426818300955,
        -0.0016703236388917679,
        0.995819807023228
      ]
    ],
    "t": [
      -1.1808416359230793,
      -1.8293910075816266,
      4.586514619877029
    ],
    "w2c": [
      [
        0.995479566601387,
        -0.02634530650877868,
        0.09124887563183025,
        -1.1808416359230793
      ],
      [
        0.02608276288954964,
        0.9996515066981592,
        0.00406873888909932,
        -1.8293910075816266
      ],
      [
        -0.09132426818300955,
        -0.0016703236388917679,
        0.995819807023228,
        4.586514619877029
      ],
      [
        0.0,
        0.0,
        0.0,
        1.0
      ]
    ],
    "c2w": [
      [
        0.9954795666013869,
        0.026082762889549638,
        -0.09132426818300958,
        1.6420793830075497
      ],
      [
        -0.026345306508778685,
        0.9996515066981592,
        -0.001670323638891767,
        1.805304806022019
      ],
      [
        0.09124887563183023,
        0.00406873888909932,
        0.995819807023228,
        -4.45214831776201
      ],
      [
        0.0,
        0.0,
        0.0,
        1.0
      ]
    ]
  },
  "input_0012.jpg": {
    "R": [
      [
        0.9973185539689439,
        -0.02135142756637074,
        0.06999870320350815
      ],
      [
        0.021114606146791268,
        0.9997685666590437,
        0.004121471556044049
      ],
      [
        -0.07007050247115887,
        -0.0026324250035697733,
        0.9975385681877368
      ]
    ],
    "t": [
      -1.2104069169331304,
      -1.801778314198389,
      4.526770353884612
    ],
    "w2c": [
      [
        0.9973185539689439,
        -0.02135142756637074,
        0.06999870320350815,
        -1.2104069169331304
      ],
      [
        0.021114606146791268,
        0.9997685666590437,
        0.004121471556044049,
        -1.801778314198389
      ],
      [
        -0.07007050247115887,
        -0.0026324250035697733,
        0.9975385681877368,
        4.526770353884612
      ],
      [
        0.0,
        0.0,
        0.0,
        1.0
      ]
    ],
    "c2w": [
      [
        0.997318553968944,
        0.02111460614679127,
        -0.0700705024711589,
        1.5623981888461262
      ],
      [
        -0.021351427566370745,
        0.9997685666590437,
        -0.0026324250035697733,
        1.7874337904757238
      ],
      [
        0.06999870320350815,
        0.004121471556044049,
        0.9975385681877368,
        -4.42347512472261
      ],
      [
        0.0,
        0.0,
        0.0,
        1.0
      ]
    ]
  },
  "input_0013.jpg": {
    "R": [
      [
        0.9987851333670807,
        -0.014452451470234025,
        0.04711033868911587
      ],
      [
        0.014349237831618738,
        0.9998938477509224,
        0.002528359845224624
      ],
      [
        -0.04714187881867161,
        -0.0018492907710344142,
        0.9988864917422249
      ]
    ],
    "t": [
      -1.2456831982746732,
      -1.7877544152598341,
      4.4975779531238
    ],
    "w2c": [
      [
        0.9987851333670807,
        -0.014452451470234025,
        0.04711033868911587,
        -1.2456831982746732
      ],
      [
        0.014349237831618738,
        0.9998938477509224,
        0.002528359845224624,
        -1.7877544152598341
      ],
      [
        -0.04714187881867161,
        -0.0018492907710344142,
        0.9988864917422249,
        4.4975779531238
      ],
      [
        0.0,
        0.0,
        0.0,
        1.0
      ]
    ],
    "c2w": [
      [
        0.9987851333670807,
        0.014349237831618735,
        -0.04714187881867161,
        1.481847047454682
      ],
      [
        -0.014452451470234023,
        0.9998938477509222,
        -0.001849290771034414,
        1.7778787945382246
      ],
      [
        0.04711033868911587,
        0.0025283598452246234,
        0.9988864917422249,
        -4.429365219086282
      ],
      [
        0.0,
        0.0,
        0.0,
        1.0
      ]
    ]
  },
  "input_0014.jpg": {
    "R": [
      [
        0.9996909580186348,
        -0.0069107217284991975,
        0.02387949708380042
      ],
      [
        0.006881040147046284,
        0.999975447634564,
        0.0013249205817641744
      ],
      [
        -0.023888066943114527,
        -0.0011601953475575293,
        0.9997139661945694
      ]
    ],
    "t": [
      -1.2941172296918617,
      -1.7717576411081635,
      4.456755142046419
    ],
    "w2c": [
      [
        0.9996909580186348,
        -0.0069107217284991975,
        0.02387949708380042,
        -1.2941172296918617
      ],
      [
        0.006881040147046284,
        0.999975447634564,
        0.0013249205817641744,
        -1.7717576411081635
      ],
      [
        -0.023888066943114527,
        -0.0011601953475575293,
        0.9997139661945694,
        4.456755142046419
      ],
      [
        0.0,
        0.0,
        0.0,
        1.0
      ]
    ],
    "c2w": [
      [
        0.9996909580186348,
        0.0068810401470462855,
        -0.02388806694311453,
        1.412372093780655
      ],
      [
        -0.006910721728499197,
        0.9999754476345641,
        -0.0011601953475575293,
        1.7679415627896438
      ],
      [
        0.02387949708380042,
        0.0013249205817641749,
        0.9997139661945695,
        -4.422230052636142
      ],
      [
        0.0,
        0.0,
        0.0,
        1.0
      ]
    ]
  },
  "input_0015.jpg": {
    "R": [
      [
        0.9999999801490039,
        0.00019857317372634875,
        -1.6452550291956223e-05
      ],
      [
        -0.00019857340164825915,
        0.9999999801883517,
        -1.3852812387620837e-05
      ],
      [
        1.644979916908324e-05,
        1.3856079151505975e-05,
        0.9999999997687066
      ]
    ],
    "t": [
      -1.3458951903485925,
      -1.7572306465683813,
      4.401222056579343
    ],
    "w2c": [
      [
        0.9999999801490039,
        0.00019857317372634875,
        -1.6452550291956223e-05,
        -1.3458951903485925
      ],
      [
        -0.00019857340164825915,
        0.9999999801883517,
        -1.3852812387620837e-05,
        -1.7572306465683813
      ],
      [
        1.644979916908324e-05,
        1.3856079151505975e-05,
        0.9999999997687066,
        4.401222056579343
      ],
      [
        0.0,
        0.0,
        0.0,
        1.0
      ]
    ],
    "c2w": [
      [
        0.9999999801490039,
        -0.00019857340164825918,
        1.6449799169083237e-05,
        1.3454738251453333
      ],
      [
        0.00019857317372634875,
        0.9999999801883517,
        1.3856079151505978e-05,
        1.757436886753017
      ],
      [
        -1.6452550291956227e-05,
        -1.385281238762084e-05,
        0.9999999997687068,
        -4.401268541556145
      ],
      [
        0.0,
        0.0,
        0.0,
        1.0
      ]
    ]
  },
  "input_0016.jpg": {
    "R": [
      [
        0.9996773484046264,
        0.007971658322459566,
        -0.02411745737603904
      ],
      [
        -0.007944701971466184,
        0.9999677042571622,
        0.0012133232237467135
      ],
      [
        0.024126350683012134,
        -0.0010213257319106987,
        0.9997083955316518
      ]
    ],
    "t": [
      -1.3852487857879627,
      -1.7374653272541583,
      4.357664566848868
    ],
    "w2c": [
      [
        0.9996773484046264,
        0.007971658322459566,
        -0.02411745737603904,
        -1.3852487857879627
      ],
      [
        -0.007944701971466184,
        0.9999677042571622,
        0.0012133232237467135,
        -1.7374653272541583
      ],
      [
        0.024126350683012134,
        -0.0010213257319106987,
        0.9997083955316518,
        4.357664566848868
      ],
      [
        0.0,
        0.0,
        0.0,
        1.0
      ]
    ],
    "c2w": [
      [
        0.9996773484046265,
        -0.007944701971466184,
        0.024126350683012134,
        1.265863645347717
      ],
      [
        0.007971658322459567,
        0.9999677042571622,
        -0.0010213257319106987,
        1.7529025394858215
      ],
      [
        -0.024117457376039046,
        0.0012133232237467135,
        0.9997083955316518,
        -4.387694423904051
      ],
      [
        0.0,
        0.0,
        0.0,
        1.0
      ]
    ]
  },
  "input_0017.jpg": {
    "R": [
      [
        0.9986258572340272,
        0.01510249827268888,
        -0.050182783995387684
      ],
      [
        -0.015056366685539866,
        0.9998858050412213,
        0.0012971889991209309
      ],
      [
        0.050196644169056504,
        -0.0005398360791058909,
        0.9987392079472863
      ]
    ],
    "t": [
      -1.4121121730148234,
      -1.711160540706731,
      4.296294831326449
    ],
    "w2c": [
      [
        0.9986258572340272,
        0.01510249827268888,
        -0.050182783995387684,
        -1.4121121730148234
      ],
      [
        -0.015056366685539866,
        0.9998858050412213,
        0.0012971889991209309,
        -1.711160540706731
      ],
      [
        0.050196644169056504,
        -0.0005398360791058909,
        0.9987392079472863,
        4.296294831326449
      ],
      [
        0.0,
        0.0,
        0.0,
        1.0
      ]
    ],
    "c2w": [
      [
        0.9986258572340272,
        -0.015056366685539864,
        0.0501966441690565,
        1.168748285835375
      ],
      [
        0.01510249827268888,
        0.9998858050412213,
        -0.0005398360791058911,
        1.7346108514095466
      ],
      [
        -0.050182783995387684,
        0.0012971889991209306,
        0.9987392079472863,
        -4.3595221184735236
      ],
      [
        0.0,
        0.0,
        0.0,
        1.0
      ]
    ]
  },
  "input_0018.jpg": {
    "R": [
      [
        0.9969129565992062,
        0.023911546182844304,
        -0.07478499130022628
      ],
      [
        -0.0238462180372767,
        0.999714077854743,
        0.0017664722923095182
      ],
      [
        0.07480584769887896,
        2.2320092784177846e-05,
        0.9971981170519054
      ]
    ],
    "t": [
      -1.4275722850749848,
      -1.6886103598870958,
      4.24024036389694
    ],
    "w2c": [
      [
        0.9969129565992062,
        0.023911546182844304,
        -0.07478499130022628,
        -1.4275722850749848
      ],
      [
        -0.0238462180372767,
        0.999714077854743,
        0.0017664722923095182,
        -1.6886103598870958
      ],
      [
        0.07480584769887896,
        2.2320092784177846e-05,
        0.9971981170519054,
        4.24024036389694
      ],
      [
        0.0,
        0.0,
        0.0,
        1.0
      ]
    ],
    "c2w": [
      [
        0.9969129565992063,
        -0.02384621803727671,
        0.07480584769887896,
        1.0657035617830024
      ],
      [
        0.023911546182844308,
        0.9997140778547431,
        2.2320092784178293e-05,
        1.7221683668560634
      ],
      [
        -0.07478499130022627,
        0.0017664722923095184,
        0.9971981170519053,
        -4.332137804232045
      ],
      [
        0.0,
        0.0,
        0.0,
        1.0
      ]
    ]
  },
  "input_0019.jpg": {
    "R": [
      [
        0.9947266315589504,
        0.032202730987334754,
        -0.09737511275650272
      ],
      [
        -0.031959122616702695,
        0.9994809272997951,
        0.004060842955877727
      ],
      [
        0.0974553382270814,
        -0.0009274054663898207,
        0.9952394671485583
      ]
    ],
    "t": [
      -1.417514698777756,
      -1.667892469875241,
      4.209878244442786
    ],
    "w2c": [
      [
        0.9947266315589504,
        0.032202730987334754,
        -0.09737511275650272,
        -1.417514698777756
      ],
      [
        -0.031959122616702695,
        0.9994809272997951,
        0.004060842955877727,
        -1.667892469875241
      ],
      [
        0.0974553382270814,
        -0.0009274054663898207,
        0.9952394671485583,
        4.209878244442786
      ],
      [
        0.0,
        0.0,
        0.0,
        1.0
      ]
    ],
    "c2w": [
      [
        0.9947266315589502,
        -0.031959122616702695,
        0.09745533822708137,
        0.9464601333372761
      ],
      [
        0.03220273098733474,
        0.999480927299795,
        -0.0009274054663898214,
        1.7165788210393162
      ],
      [
        -0.09737511275650271,
        0.004060842955877725,
        0.995239467148558,
        -4.3210945849995746
      ],
      [
        0.0,
        0.0,
        0.0,
        1.0
      ]
    ]
  },
  "input_0020.jpg": {
    "R": [
      [
        0.9923226674972071,
        0.04008886168910315,
        -0.11699831938835407
      ],
      [
        -0.03987457092746646,
        0.9991959807173146,
        0.004172614493834313
      ],
      [
        0.11707152584884932,
        0.0005246778398861251,
        0.9931233470967171
      ]
    ],
    "t": [
      -1.387389075508552,
      -1.659244218577751,
      4.174697681457281
    ],
    "w2c": [
      [
        0.9923226674972071,
        0.04008886168910315,
        -0.11699831938835407,
        -1.387389075508552
      ],
      [
        -0.03987457092746646,
        0.9991959807173146,
        0.004172614493834313,
        -1.659244218577751
      ],
      [
        0.11707152584884932,
        0.0005246778398861251,
        0.9931233470967171,
        4.174697681457281
      ],
      [
        0.0,
        0.0,
        0.0,
        1.0
      ]
    ],
    "c2w": [
      [
        0.9923226674972072,
        -0.03987457092746648,
        0.11707152584884936,
        0.8218377494596059
      ],
      [
        0.04008886168910316,
        0.9991959807173149,
        0.0005246778398861258,
        1.7113386316266808
      ],
      [
        -0.11699831938835407,
        0.0041726144938343136,
        0.9931233470967172,
        -4.301388538222774
      ],
      [
        0.0,
        0.0,
        0.0,
        1.0
      ]
    ]
  },
  "input_0021.jpg": {
    "R": [
      [
        0.9898181670168689,
        0.04751203163039747,
        -0.1341737794567851
      ],
      [
        -0.04742133176118844,
        0.9988674651901962,
        0.003873535659778964
      ],
      [
        0.13420586252977623,
        0.002528603342635844,
        0.9909502473019391
      ]
    ],
    "t": [
      -1.356431284851585,
      -1.6504376199062778,
      4.139734607881352
    ],
    "w2c": [
      [
        0.9898181670168689,
        0.04751203163039747,
        -0.1341737794567851,
        -1.356431284851585
      ],
      [
        -0.04742133176118844,
        0.9988674651901962,
        0.003873535659778964,
        -1.6504376199062778
      ],
      [
        0.13420586252977623,
        0.002528603342635844,
        0.9909502473019391,
        4.139734607881352
      ],
      [
        0.0,
        0.0,
        0.0,
        1.0
      ]
    ],
    "c2w": [
      [
        0.9898181670168688,
        -0.04742133176118842,
        0.13420586252977626,
        0.7087777244363284
      ],
      [
        0.04751203163039746,
        0.998867465190196,
        0.002528603342635844,
        1.702547501193539
      ],
      [
        -0.13417377945678508,
        0.0038735356597789632,
        0.9909502473019393,
        -4.277875516531434
      ],
      [
        0.0,
        0.0,
        0.0,
        1.0
      ]
    ]
  },
  "input_0022.jpg": {
    "R": [
      [
        0.9870197471122342,
        0.05367107371124615,
        -0.15136523595985737
      ],
      [
        -0.05383285533185008,
        0.9985453579233554,
        0.0030318074704856713
      ],
      [
        0.1513077740809157,
        0.005155969006886605,
        0.9884732538042083
      ]
    ],
    "t": [
      -1.336989542242031,
      -1.6425312794786358,
      4.088740240470704
    ],
    "w2c": [
      [
        0.9870197471122342,
        0.05367107371124615,
        -0.15136523595985737,
        -1.336989542242031
      ],
      [
        -0.05383285533185008,
        0.9985453579233554,
        0.0030318074704856713,
        -1.6425312794786358
      ],
      [
        0.1513077740809157,
        0.005155969006886605,
        0.9884732538042083,
        4.088740240470704
      ],
      [
        0.0,
        0.0,
        0.0,
        1.0
      ]
    ],
    "c2w": [
      [
        0.9870197471122342,
        -0.05383285533185009,
        0.15130777408091564,
        0.612554746548529
      ],
      [
        0.053671073711246145,
        0.9985453579233555,
        0.005155969006886603,
        1.6908182306830617
      ],
      [
        -0.1513652359598574,
        0.003031807470485673,
        0.9884732538042081,
        -4.239004268391975
      ],
      [
        0.0,
        0.0,
        0.0,
        1.0
      ]
    ]
  },
  "input_0023.jpg": {
    "R": [
      [
        0.98389684295318,
        0.05760859329461833,
        -0.16919885462195278
      ],
      [
        -0.057845265471496154,
        0.9983193046828718,
        0.0035342835256431584
      ],
      [
        0.16911808800154282,
        0.0063099822600982056,
        0.985575596509258
      ]
    ],
    "t": [
      -1.335431306686444,
      -1.6292853671703895,
      4.029838482606211
    ],
    "w2c": [
      [
        0.98389684295318,
        0.05760859329461833,
        -0.16919885462195278,
        -1.335431306686444
      ],
      [
        -0.057845265471496154,
        0.9983193046828718,
        0.0035342835256431584,
        -1.6292853671703895
      ],
      [
        0.16911808800154282,
        0.0063099822600982056,
        0.985575596509258,
        4.029838482606211
      ],
      [
        0.0,
        0.0,
        0.0,
        1.0
      ]
    ],
    "c2w": [
      [
        0.9838968429531801,
        -0.05784526547149616,
        0.16911808800154282,
        0.538161622903436
      ],
      [
        0.05760859329461833,
        0.9983193046828718,
        0.006309982260098204,
        1.6780511445670145
      ],
      [
        -0.16919885462195275,
        0.003534283525643156,
        0.9855755965092577,
        -4.191905557416461
      ],
      [
        0.0,
        0.0,
        0.0,
        1.0
      ]
    ]
  },
  "input_0024.jpg": {
    "R": [
      [
        0.9797497990982036,
        0.06322218469139518,
        -0.18998233215190533
      ],
      [
        -0.0635234332293298,
        0.9979701574287744,
        0.00450980180785235
      ],
      [
        0.18988181744914032,
        0.0076498525759878585,
        0.9817771514747005
      ]
    ],
    "t": [
      -1.3515411026877115,
      -1.6166412078312271,
      3.956525586405314
    ],
    "w2c": [
      [
        0.9797497990982036,
        0.06322218469139518,
        -0.18998233215190533,
        -1.3515411026877115
      ],
      [
        -0.0635234332293298,
        0.9979701574287744,
        0.00450980180785235,
        -1.6166412078312271
      ],
      [
        0.18988181744914032,
        0.0076498525759878585,
        0.9817771514747005,
        3.956525586405314
      ],
      [
        0.0,
        0.0,
        0.0,
        1.0
      ]
    ],
    "c2w": [
      [
        0.9797497990982035,
        -0.0635234332293298,
        0.18988181744914032,
        0.470205254879133
      ],
      [
        0.06322218469139516,
        0.9979701574287743,
        0.00764985257598786,
        1.6685402244481835
      ],
      [
        -0.18998233215190538,
        0.0045098018078523535,
        0.9817771514747007,
        -4.133904619203823
      ],
      [
        0.0,
        0.0,
        0.0,
        1.0
      ]
    ]
  },
  "input_0025.jpg": {
    "R": [
      [
        0.9743021134249975,
        0.07175497322996205,
        -0.21351022362489058
      ],
      [
        -0.07211149740794823,
        0.997377750568697,
        0.00612818179475178
      ],
      [
        0.2133900740830436,
        0.009425841463417491,
        0.9769216088282312
      ]
    ],
    "t": [
      -1.3768870298396938,
      -1.595618381718276,
      3.88189096337331
    ],
    "w2c": [
      [
        0.9743021134249975,
        0.07175497322996205,
        -0.21351022362489058,
        -1.3768870298396938
      ],
      [
        -0.07211149740794823,
        0.997377750568697,
        0.00612818179475178,
        -1.595618381718276
      ],
      [
        0.2133900740830436,
        0.009425841463417491,
        0.9769216088282312,
        3.88189096337331
      ],
      [
        0.0,
        0.0,
        0.0,
        1.0
      ]
    ],
    "c2w": [
      [
        0.9743021134249974,
        -0.07211149740794823,
        0.2133900740830436,
        0.39808451206640116
      ],
      [
        0.07175497322996205,
        0.9973777505686972,
        0.009425841463417491,
        1.6536426754920381
      ],
      [
        -0.2135102236248906,
        0.006128181794751781,
        0.9769216088282313,
        -4.076504383363494
      ],
      [
        0.0,
        0.0,
        0.0,
        1.0
      ]
    ]
  },
  "input_0026.jpg": {
    "R": [
      [
        0.9672792717256546,
        0.08050983738724812,
        -0.24060128132195405
      ],
      [
        -0.08117948502614789,
        0.9966738968057961,
        0.007143853080705531
      ],
      [
        0.24037616708146556,
        0.01262178710912764,
        0.9705977481889164
      ]
    ],
    "t": [
      -1.4167701796530239,
      -1.569172169299818,
      3.804545907106246
    ],
    "w2c": [
      [
        0.9672792717256546,
        0.08050983738724812,
        -0.24060128132195405,
        -1.4167701796530239
      ],
      [
        -0.08117948502614789,
        0.9966738968057961,
        0.007143853080705531,
        -1.569172169299818
      ],
      [
        0.24037616708146556,
        0.01262178710912764,
        0.9705977481889164,
        3.804545907106246
      ],
      [
        0.0,
        0.0,
        0.0,
        1.0
      ]
    ],
    "c2w": [
      [
        0.9672792717256545,
        -0.08117948502614789,
        0.24037616708146553,
        0.3285056763206023
      ],
      [
        0.08050983738724811,
        0.996673896805796,
        0.012621787109127645,
        1.6299967090278233
      ],
      [
        -0.24060128132195405,
        0.007143853080705538,
        0.9705977481889164,
        -4.022350475446124
      ],
      [
        0.0,
        0.0,
        0.0,
        1.0
      ]
    ]
  },
  "input_0027.jpg": {
    "R": [
      [
        0.9592248844579467,
        0.08962037369102417,
        -0.2680593398039322
      ],
      [
        -0.0906358069713941,
        0.9958468831631716,
        0.008610214215721924
      ],
      [
        0.26771770866209615,
        0.016036642843114502,
        0.9633639263305636
      ]
    ],
    "t": [
      -1.445916799325381,
      -1.5441018890201312,
      3.7645166793370906
    ],
    "w2c": [
      [
        0.9592248844579467,
        0.08962037369102417,
        -0.2680593398039322,
        -1.445916799325381
      ],
      [
        -0.0906358069713941,
        0.9958468831631716,
        0.008610214215721924,
        -1.5441018890201312
      ],
      [
        0.26771770866209615,
        0.016036642843114502,
        0.9633639263305636,
        3.7645166793370906
      ],
      [
        0.0,
        0.0,
        0.0,
        1.0
      ]
    ],
    "c2w": [
      [
        0.9592248844579466,
        -0.09063580697139412,
        0.2677177086620961,
        0.2391806743989303
      ],
      [
        0.08962037369102419,
        0.9958468831631717,
        0.016036642843114506,
        1.6069024478852574
      ],
      [
        -0.26805933980393215,
        0.00861021421572193,
        0.9633639263305633,
        -4.000896023546286
      ],
      [
        0.0,
        0.0,
        0.0,
        1.0
      ]
    ]
  },
  "input_0028.jpg": {
    "R": [
      [
        0.9506004449102996,
        0.09870841947313146,
        -0.29430501535219683
      ],
      [
        -0.10070525240341734,
        0.9948808290029448,
        0.008401679640246261
      ],
      [
        0.29362773417152627,
        0.02165142045062269,
        0.9556746149803111
      ]
    ],
    "t": [
      -1.4646519250037597,
      -1.5347404959807796,
      3.7114172709345192
    ],
    "w2c": [
      [
        0.9506004449102996,
        0.09870841947313146,
        -0.29430501535219683,
        -1.4646519250037597
      ],
      [
        -0.10070525240341734,
        0.9948808290029448,
        0.008401679640246261,
        -1.5347404959807796
      ],
      [
        0.29362773417152627,
        0.02165142045062269,
        0.9556746149803111,
        3.7114172709345192
      ],
      [
        0.0,
        0.0,
        0.0,
        1.0
      ]
    ],
    "c2w": [
      [
        0.9506004449102995,
        -0.10070525240341731,
        0.2936277341715263,
        0.14796729869623798
      ],
      [
        0.09870841947313144,
        0.9948808290029447,
        0.02165142045062269,
        1.5910999177404432
      ],
      [
        -0.2943050153521968,
        0.00840167964024626,
        0.9556746149803111,
        -3.9650672807273364
      ],
      [
        0.0,
        0.0,
        0.0,
        1.0
      ]
    ]
  },
  "input_0029.jpg": {
    "R": [
      [
        0.9416347266462176,
        0.1063720224277842,
        -0.31938853207109047
      ],
      [
        -0.10886463415197638,
        0.994005341846434,
        0.010093156677184273
      ],
      [
        0.31854753649158757,
        0.025266048867538173,
        0.9475700996600536
      ]
    ],
    "t": [
      -1.4760122532475817,
