{
  "fl_x": null,
  "fl_y": null,
  "cx": null,
  "cy": null,
  "camera_angle_x": null,
  "frames": [
    {
      "file_path": "input_0001.jpg",
      "transform_matrix": [
        [
          0.9720856106584763,
          0.10419843148095129,
          -0.2102195338869508,
          2.249258720396461
        ],
        [
          -0.10448779580456885,
          0.9944782650817153,
          0.009761188860181963,
          1.7902558721617339
        ],
        [
          0.21007585791480204,
          0.012476664497008658,
          0.9776054760302794,
          -4.5675668196515655
        ],
        [
          0.0,
          0.0,
          0.0,
          1.0
        ]
      ]
    },
    {
      "file_path": "input_0002.jpg",
      "transform_matrix": [
        [
          0.9729632869042157,
          0.10188286378761076,
          -0.20727354969455164,
          2.239165422417261
        ],
        [
          -0.10221481743904488,
          0.9947203931293344,
          0.00913622397521434,
          1.791871574853786
        ],
        [
          0.20711005150027686,
          0.012297217533153748,
          0.9782403615719887,
          -4.570213940397491
        ],
        [
          0.0,
          0.0,
          0.0,
          1.0
        ]
      ]
    },
    {
      "file_path": "input_0003.jpg",
      "transform_matrix": [
        [
          0.9738763253136361,
          0.0989294135619575,
          -0.2043963652462933,
          2.228517830850638
        ],
        [
          -0.09922408225183803,
          0.9950259128229051,
          0.008832571099334543,
          1.792080924975979
        ],
        [
          0.20425348098597834,
          0.011679209871883587,
          0.9788483598402149,
          -4.5668987353439805
        ],
        [
          0.0,
          0.0,
          0.0,
          1.0
        ]
      ]
    },
    {
      "file_path": "input_0004.jpg",
      "transform_matrix": [
        [
          0.9765427991763566,
          0.09158476540334562,
          -0.19487532456116677,
          2.1866929177289287
        ],
        [
          -0.09203697733250059,
          0.9957326942514617,
          0.006752510808711179,
          1.796692770371061
        ],
        [
          0.19466215908671802,
          0.011341620022692388,
          0.9808047774531679,
          -4.573159143114136
        ],
        [
          0.0,
          0.0,
          0.0,
          1.0
        ]
      ]
    },
    {
      "file_path": "input_0005.jpg",
      "transform_matrix": [
        [
          0.9806530888118027,
          0.07962257534444923,
          -0.17882887043033163,
          2.1071795870582952
        ],
        [
          -0.0801744143708997,
          0.9967722077428145,
          0.004150801344150208,
          1.8004639418910804
        ],
        [
          0.17858214547975987,
          0.010267003800176259,
          0.983871437713695,
          -4.582095001241502
        ],
        [
          0.0,
          0.0,
          0.0,
          1.0
        ]
      ]
    },
    {
      "file_path": "input_0006.jpg",
      "transform_matrix": [
        [
          0.9842041919002488,
          0.06686851586322004,
          -0.16392287891636273,
          2.0314702077621427
        ],
        [
          -0.06742840371587344,
          0.9977217932615875,
          0.002152585238988484,
          1.803131508232707
        ],
        [
          0.16369336888923577,
          0.008934474642205684,
          0.9864708085617944,
          -4.571350811683535
        ],
        [
          0.0,
          0.0,
          0.0,
          1.0
        ]
      ]
    },
    {
      "file_path": "input_0007.jpg",
      "transform_matrix": [
        [
          0.9875195763917805,
          0.055715705269289206,
          -0.14731207156694354,
          1.9504285656520766
        ],
        [
          -0.05604159815366951,
          0.9984265489282068,
          0.0019405338683157794,
          1.806065369649784
        ],
        [
          0.1471884014431206,
          0.006339288734326155,
          0.9890881598214398,
          -4.552360059888727
        ],
        [
          0.0,
          0.0,
          0.0,
          1.0
        ]
      ]
    },
    {
      "file_path": "input_0008.jpg",
      "transform_matrix": [
        [
          0.9900551011369332,
          0.0461996016514466,
          -0.13287773899334876,
          1.8762826278712694
        ],
        [
          -0.0464517611196381,
          0.9989198095511402,
          0.0012033184107506695,
          1.8123159064358254
        ],
        [
          0.1327897985600586,
          0.004981053458980971,
          0.9911317059325758,
          -4.536934971526067
        ],
        [
          0.0,
          0.0,
          0.0,
          1.0
        ]
      ]
    },
    {
      "file_path": "input_0009.jpg",
      "transform_matrix": [
        [
          0.9921203342673268,
          0.03813906219442937,
          -0.11934259201231276,
          1.7992741314397485
        ],
        [
          -0.038437177936481604,
          0.9992609993458944,
          -0.00019631231163236442,
          1.8136144488743111
        ],
        [
          0.11924691059129014,
          0.004781957880815688,
          0.9928531146112496,
          -4.507238417601212
        ],
        [
          0.0,
          0.0,
          0.0,
          1.0
        ]
      ]
    },
    {
      "file_path": "input_0010.jpg",
      "transform_matrix": [
        [
          0.9938702833004247,
          0.03254558699970922,
          -0.10565341801938045,
          1.7203233268953628
        ],
        [
          -0.03277715119738522,
          0.9994625809651374,
          -0.0004556422827936595,
          1.8146929848664988
        ],
        [
          0.10558180871588314,
          0.0039158673816255644,
          0.9944029101178917,
          -4.475955464539122
        ],
        [
          0.0,
          0.0,
          0.0,
          1.0
        ]
      ]
    },
    {
      "file_path": "input_0011.jpg",
      "transform_matrix": [
        [
          0.9954795666013869,
          0.026082762889549638,
          -0.09132426818300958,
          1.6420793830075497
        ],
        [
          -0.026345306508778685,
          0.9996515066981592,
          -0.001670323638891767,
          1.805304806022019
        ],
        [
          0.09124887563183023,
          0.00406873888909932,
          0.995819807023228,
          -4.45214831776201
        ],
        [
          0.0,
          0.0,
          0.0,
          1.0
        ]
      ]
    },
    {
      "file_path": "input_0012.jpg",
      "transform_matrix": [
        [
          0.997318553968944,
          0.02111460614679127,
          -0.0700705024711589,
          1.5623981888461262
        ],
        [
          -0.021351427566370745,
          0.9997685666590437,
          -0.0026324250035697733,
          1.7874337904757238
        ],
        [
          0.06999870320350815,
          0.004121471556044049,
          0.9975385681877368,
          -4.42347512472261
        ],
        [
          0.0,
          0.0,
          0.0,
          1.0
        ]
      ]
    },
    {
      "file_path": "input_0013.jpg",
      "transform_matrix": [
        [
          0.9987851333670807,
          0.014349237831618735,
          -0.04714187881867161,
          1.481847047454682
        ],
        [
          -0.014452451470234023,
          0.9998938477509222,
          -0.001849290771034414,
          1.7778787945382246
        ],
        [
          0.04711033868911587,
          0.0025283598452246234,
          0.9988864917422249,
          -4.429365219086282
        ],
        [
          0.0,
          0.0,
          0.0,
          1.0
        ]
      ]
    },
    {
      "file_path": "input_0014.jpg",
      "transform_matrix": [
        [
          0.9996909580186348,
          0.0068810401470462855,
          -0.02388806694311453,
          1.412372093780655
        ],
        [
          -0.006910721728499197,
          0.9999754476345641,
          -0.0011601953475575293,
          1.7679415627896438
        ],
        [
          0.02387949708380042,
          0.0013249205817641749,
          0.9997139661945695,
          -4.422230052636142
        ],
        [
          0.0,
          0.0,
          0.0,
          1.0
        ]
      ]
    },
    {
      "file_path": "input_0015.jpg",
      "transform_matrix": [
        [
          0.9999999801490039,
          -0.00019857340164825918,
          1.6449799169083237e-05,
          1.3454738251453333
        ],
        [
          0.00019857317372634875,
          0.9999999801883517,
          1.3856079151505978e-05,
          1.757436886753017
        ],
        [
          -1.6452550291956227e-05,
          -1.385281238762084e-05,
          0.9999999997687068,
          -4.401268541556145
        ],
        [
          0.0,
          0.0,
          0.0,
          1.0
        ]
      ]
    },
    {
      "file_path": "input_0016.jpg",
      "transform_matrix": [
        [
          0.9996773484046265,
          -0.007944701971466184,
          0.024126350683012134,
          1.265863645347717
        ],
        [
          0.007971658322459567,
          0.9999677042571622,
          -0.0010213257319106987,
          1.7529025394858215
        ],
        [
          -0.024117457376039046,
          0.0012133232237467135,
          0.9997083955316518,
          -4.387694423904051
        ],
        [
          0.0,
          0.0,
          0.0,
          1.0
        ]
      ]
    },
    {
      "file_path": "input_0017.jpg",
      "transform_matrix": [
        [
          0.9986258572340272,
          -0.015056366685539864,
          0.0501966441690565,
          1.168748285835375
        ],
        [
          0.01510249827268888,
          0.9998858050412213,
          -0.0005398360791058911,
          1.7346108514095466
        ],
        [
          -0.050182783995387684,
          0.0012971889991209306,
          0.9987392079472863,
          -4.3595221184735236
        ],
        [
          0.0,
          0.0,
          0.0,
          1.0
        ]
      ]
    },
    {
      "file_path": "input_0018.jpg",
      "transform_matrix": [
        [
          0.9969129565992063,
          -0.02384621803727671,
          0.07480584769887896,
          1.0657035617830024
        ],
        [
          0.023911546182844308,
          0.9997140778547431,
          2.2320092784178293e-05,
          1.7221683668560634
        ],
        [
          -0.07478499130022627,
          0.0017664722923095184,
          0.9971981170519053,
          -4.332137804232045
        ],
        [
          0.0,
          0.0,
          0.0,
          1.0
        ]
      ]
    },
    {
      "file_path": "input_0019.jpg",
      "transform_matrix": [
        [
          0.9947266315589502,
          -0.031959122616702695,
          0.09745533822708137,
          0.9464601333372761
        ],
        [
          0.03220273098733474,
          0.999480927299795,
          -0.0009274054663898214,
          1.7165788210393162
        ],
        [
          -0.09737511275650271,
          0.004060842955877725,
          0.995239467148558,
          -4.3210945849995746
        ],
        [
          0.0,
          0.0,
          0.0,
          1.0
        ]
      ]
    },
    {
      "file_path": "input_0020.jpg",
      "transform_matrix": [
        [
          0.9923226674972072,
          -0.03987457092746648,
          0.11707152584884936,
          0.8218377494596059
        ],
        [
          0.04008886168910316,
          0.9991959807173149,
          0.0005246778398861258,
          1.7113386316266808
        ],
        [
          -0.11699831938835407,
          0.0041726144938343136,
          0.9931233470967172,
          -4.301388538222774
        ],
        [
          0.0,
          0.0,
          0.0,
          1.0
        ]
      ]
    },
    {
      "file_path": "input_0021.jpg",
      "transform_matrix": [
        [
          0.9898181670168688,
          -0.04742133176118842,
          0.13420586252977626,
          0.7087777244363284
        ],
        [
          0.04751203163039746,
          0.998867465190196,
          0.002528603342635844,
          1.702547501193539
        ],
        [
          -0.13417377945678508,
          0.0038735356597789632,
          0.9909502473019393,
          -4.277875516531434
        ],
        [
          0.0,
          0.0,
          0.0,
          1.0
        ]
      ]
    },
    {
      "file_path": "input_0022.jpg",
      "transform_matrix": [
        [
          0.9870197471122342,
          -0.05383285533185009,
          0.15130777408091564,
          0.612554746548529
        ],
        [
          0.053671073711246145,
          0.9985453579233555,
          0.005155969006886603,
          1.6908182306830617
        ],
        [
          -0.1513652359598574,
          0.003031807470485673,
          0.9884732538042081,
          -4.239004268391975
        ],
        [
          0.0,
          0.0,
          0.0,
          1.0
        ]
      ]
    },
    {
      "file_path": "input_0023.jpg",
      "transform_matrix": [
        [
          0.9838968429531801,
          -0.05784526547149616,
          0.16911808800154282,
          0.538161622903436
        ],
        [
          0.05760859329461833,
          0.9983193046828718,
          0.006309982260098204,
          1.6780511445670145
        ],
        [
          -0.16919885462195275,
          0.003534283525643156,
          0.9855755965092577,
          -4.191905557416461
        ],
        [
          0.0,
          0.0,
          0.0,
          1.0
        ]
      ]
    },
    {
      "file_path": "input_0024.jpg",
      "transform_matrix": [
        [
          0.9797497990982035,
          -0.0635234332293298,
          0.18988181744914032,
          0.470205254879133
        ],
        [
          0.06322218469139516,
          0.9979701574287743,
          0.00764985257598786,
          1.6685402244481835
        ],
        [
          -0.18998233215190538,
          0.0045098018078523535,
          0.9817771514747007,
          -4.133904619203823
        ],
        [
          0.0,
          0.0,
          0.0,
          1.0
        ]
      ]
    },
    {
      "file_path": "input_0025.jpg",
      "transform_matrix": [
        [
          0.9743021134249974,
          -0.07211149740794823,
          0.2133900740830436,
          0.39808451206640116
        ],
        [
          0.07175497322996205,
          0.9973777505686972,
          0.009425841463417491,
          1.6536426754920381
        ],
        [
          -0.2135102236248906,
          0.006128181794751781,
          0.9769216088282313,
          -4.076504383363494
        ],
        [
          0.0,
          0.0,
          0.0,
          1.0
        ]
      ]
    },
    {
      "file_path": "input_0026.jpg",
      "transform_matrix": [
        [
          0.9672792717256545,
          -0.08117948502614789,
          0.24037616708146553,
          0.3285056763206023
        ],
        [
          0.08050983738724811,
          0.996673896805796,
          0.012621787109127645,
          1.6299967090278233
        ],
        [
          -0.24060128132195405,
          0.007143853080705538,
          0.9705977481889164,
          -4.022350475446124
        ],
        [
          0.0,
          0.0,
          0.0,
          1.0
        ]
      ]
    },
    {
      "file_path": "input_0027.jpg",
      "transform_matrix": [
        [
          0.9592248844579466,
          -0.09063580697139412,
          0.2677177086620961,
          0.2391806743989303
        ],
        [
          0.08962037369102419,
          0.9958468831631717,
          0.016036642843114506,
          1.6069024478852574
        ],
        [
          -0.26805933980393215,
          0.00861021421572193,
          0.9633639263305633,
          -4.000896023546286
        ],
        [
          0.0,
          0.0,
          0.0,
          1.0
        ]
      ]
    },
    {
      "file_path": "input_0028.jpg",
      "transform_matrix": [
        [
          0.9506004449102995,
          -0.10070525240341731,
          0.2936277341715263,
          0.14796729869623798
        ],
        [
          0.09870841947313144,
          0.9948808290029447,
          0.02165142045062269,
          1.5910999177404432
        ],
        [
          -0.2943050153521968,
          0.00840167964024626,
          0.9556746149803111,
          -3.9650672807273364
        ],
        [
          0.0,
          0.0,
          0.0,
          1.0
        ]
      ]
    },
    {
      "file_path": "input_0029.jpg",
      "transform_matrix": [
        [
          0.9416347266462177,
          -0.10886463415197639,
          0.3185475364915877,
          0.05401035471390758
        ],
        [
          0.10637202242778421,
          0.9940053418464342,
          0.025266048867538186,
          1.5701551376424443
        ],
        [
          -0.31938853207109047,
          0.01009315667718428,
          0.9475700996600536,
          -3.93919481696996
        ],
        [
          0.0,
          0.0,
          0.0,
          1.0
        ]
      ]
    },
    {
      "file_path": "input_0030.jpg",
      "transform_matrix": [
        [
          0.9323222016659864,
          -0.11839409554386031,
          0.34169891779319256,
          -0.04200678672504856
        ],
        [
          0.11589777842016291,
          0.9928722813322856,
          0.02779096830435274,
          1.5465501160425954
        ],
        [
          -0.3425536705947822,
          0.013692008704861112,
          0.939398483956445,
          -3.914130975998272
        ],
        [
          0.0,
          0.0,
          0.0,
          1.0
        ]
      ]
    },
    {
      "file_path": "input_0031.jpg",
      "transform_matrix": [
        [
          0.9225078374250176,
          -0.12760071564943593,
          0.36427647090523035,
          -0.14781610240145254
        ],
        [
          0.12534270046319382,
          0.9916615825331307,
          0.029941829745035974,
          1.5284963559974725
        ],
        [
          -0.36505958052078485,
          0.018037823971822423,
          0.9308094002406454,
          -3.883634001506969
        ],
        [
          0.0,
          0.0,
          0.0,
          1.0
        ]
      ]
    },
    {
      "file_path": "input_0032.jpg",
      "transform_matrix": [
        [
          0.9137882753696137,
          -0.13488335930865125,
          0.383141575894134,
          -0.25600183673575383
        ],
        [
          0.13274608078573355,
          0.9906285582765328,
          0.032148679023957794,
          1.514887145811764
        ],
        [
          -0.3838873087678918,
          0.02148345662530232,
          0.923129999110837,
          -3.8392120300110113
        ],
        [
          0.0,
          0.0,
          0.0,
          1.0
        ]
      ]
    },
    {
      "file_path": "input_0033.jpg",
      "transform_matrix": [
        [
          0.9065191211496473,
          -0.1406808479011805,
          0.3980351517440089,
          -0.36134795403579406
        ],
        [
          0.13843613463430926,
          0.9897690142138653,
          0.034535997591275056,
          1.5015232207046172
        ],
        [
          -0.3988214131883877,
          0.023794905671552322,
          0.9167198497068224,
          -3.791833190042338
        ],
        [
          0.0,
          0.0,
          0.0,
          1.0
        ]
      ]
    },
    {
      "file_path": "input_0034.jpg",
      "transform_matrix": [
        [
          0.8989073723613438,
          -0.1449332260179506,
          0.41347296877843676,
          -0.4430195328566097
        ],
        [
          0.14250225029450522,
          0.9891063333921192,
          0.03690216666538689,
          1.477175975891954
        ],
        [
          -0.41431708216706037,
          0.025749198815253657,
          0.9097682859854734,
          -3.7241919648688944
        ],
        [
          0.0,
          0.0,
          0.0,
          1.0
        ]
      ]
    },
    {
      "file_path": "input_0035.jpg",
      "transform_matrix": [
        [
          0.8916242224298683,
          -0.14513181826117744,
          0.4288857671974407,
          -0.49376254108843465
        ],
        [
          0.14393451727835185,
          0.9889529632543327,
          0.03542444362756741,
          1.4462672329351811
        ],
        [
          -0.42928906428207625,
          0.03014617386467875,
          0.9026638950845104,
          -3.674510937865433
        ],
        [
          0.0,
          0.0,
          0.0,
          1.0
        ]
      ]
    },
    {
      "file_path": "input_0036.jpg",
      "transform_matrix": [
        [
          0.8841745273411105,
          -0.1491094627241268,
          0.44272087518801984,
          -0.5239805834813991
        ],
        [
          0.14781466930256837,
          0.988297996930855,
          0.037654917360582296,
          1.4255557269571988
        ],
        [
          -0.4431548586443527,
          0.03214712099989936,
          0.8958684802309554,
          -3.577466581207
        ],
        [
          0.0,
          0.0,
          0.0,
          1.0
        ]
      ]
    },
    {
      "file_path": "input_0037.jpg",
      "transform_matrix": [
        [
          0.8762752815223844,
          -0.15419634225254505,
          0.45647028274445434,
          -0.562322308659522
        ],
        [
          0.152025273672914,
          0.987494943004499,
          0.041737916876825376,
          1.3966241519588751
        ],
        [
          -0.4571979299576297,
          0.03282111479638005,
          0.8887591503135039,
          -3.4845044053468923
        ],
        [
          0.0,
          0.0,
          0.0,
          1.0
        ]
      ]
    },
    {
      "file_path": "input_0038.jpg",
      "transform_matrix": [
        [
          0.8673032252077222,
          -0.16087657058455304,
          0.47106670926869443,
          -0.5793477308548217
        ],
        [
          0.15647522438090958,
          0.9864754442996392,
          0.048802683827570775,
          1.3535076650218116
        ],
        [
          -0.47254694973010597,
          0.0313835439487508,
          0.8807465319091466,
          -3.3844112639375945
        ],
        [
          0.0,
          0.0,
          0.0,
          1.0
        ]
      ]
    },
    {
      "file_path": "input_0039.jpg",
      "transform_matrix": [
        [
          0.8580460977516008,
          -0.17159667354189517,
          0.48405730627954224,
          -0.6033366740002862
        ],
        [
          0.16327191180564138,
          0.9847743018929892,
          0.059681296454642055,
          1.3086955844792791
        ],
        [
          -0.4869283078119213,
          0.027823658288087694,
          0.8729986638540099,
          -3.3032702763089725
        ],
        [
          0.0,
          0.0,
          0.0,
          1.0
        ]
      ]
    },
    {
      "file_path": "input_0040.jpg",
      "transform_matrix": [
        [
          0.8479405071478114,
          -0.1876918217221259,
          0.49575061915901003,
          -0.6420973744239059
        ],
        [
          0.17301048568496116,
          0.9819939028147294,
          0.07586400119786536,
          1.275111340077724
        ],
        [
          -0.5010631379187317,
          0.021441895749340436,
          0.8651450612040205,
          -3.2323050081699387
        ],
        [
          0.0,
          0.0,
          0.0,
          1.0
        ]
      ]
    },
    {
      "file_path": "input_0041.jpg",
      "transform_matrix": [
        [
          0.8359368598840955,
          -0.20669044955216978,
          0.5084177655737848,
          -0.6710473400676328
        ],
        [
          0.18355631588782978,
          0.9783181469111453,
          0.09592018724976538,
          1.2333805322235902
        ],
        [
          -0.5172201128966325,
          0.013140071851582905,
          0.8557515371455258,
          -3.1513700760898438
        ],
        [
          0.0,
          0.0,
          0.0,
          1.0
        ]
      ]
    },
    {
      "file_path": "input_0042.jpg",
      "transform_matrix": [
        [
          0.8244222910980468,
          -0.22161821145401106,
          0.5207813881971711,
          -0.7095715105595918
        ],
        [
          0.19220717744381846,
          0.9750933226068194,
          0.11067706694104895,
          1.1993649331754457
        ],
        [
          -0.5323385077934226,
          0.008853279591100311,
          0.8464852819516439,
          -3.082293935660978
        ],
        [
          0.0,
          0.0,
          0.0,
          1.0
        ]
      ]
    },
    {
      "file_path": "input_0043.jpg",
      "transform_matrix": [
        [
          0.8119643651717863,
          -0.23863542562054815,
          0.5326978536938909,
          -0.7388013020304169
        ],
        [
          0.19987966025739695,
          0.971109028856365,
          0.13036631270782742,
          1.163186023927065
        ],
        [
          -0.5484177158941582,
          0.0006226656785818284,
          0.8362042939263629,
          -2.9875163109420657
        ],
        [
          0.0,
          0.0,
          0.0,
          1.0
        ]
      ]
    },
    {
      "file_path": "input_0044.jpg",
      "transform_matrix": [
        [
          0.8004099180763827,
          -0.2523707760936957,
          0.543739785576542,
          -0.7977854722868253
        ],
        [
          0.2068139241605253,
          0.9676248268646925,
          0.1446727175676122,
          1.1318925658282482
        ],
        [
          -0.5626472818900689,
          -0.003344519238892869,
          0.8266902989468171,
          -2.9024097029323586
        ],
        [
          0.0,
          0.0,
          0.0,
          1.0
        ]
      ]
    },
    {
      "file_path": "input_0045.jpg",
      "transform_matrix": [
        [
          0.7883041699273193,
          -0.26726026156052374,
          0.5542097872338603,
          -0.8520734760068791
        ],
        [
          0.2128516206012763,
          0.9635758412947828,
          0.16191289534951234,
          1.0896962197135742
        ],
        [
          -0.5772960447488018,
          -0.009672159203210521,
          0.8164776335293803,
          -2.815427891963357
        ],
        [
          0.0,
          0.0,
          0.0,
          1.0
        ]
      ]
    },
    {
      "file_path": "input_0046.jpg",
      "transform_matrix": [
        [
          0.7774242742380764,
          -0.27957845399193393,
          0.5634246940708939,
          -0.9016792561787932
        ],
        [
          0.2161435778069654,
          0.9599777848302773,
          0.1781140264133007,
          1.0446019167237566
        ],
        [
          -0.5906720338717625,
          -0.016689538514703957,
          0.8067391199799111,
          -2.721683785030668
        ],
        [
          0.0,
          0.0,
          0.0,
          1.0
        ]
      ]
    },
    {
      "file_path": "input_0047.jpg",
      "transform_matrix": [
        [
          0.7685238295928749,
          -0.2914055406077099,
          0.5696085798607934,
          -0.9622413084125531
        ],
        [
          0.2201353368456533,
          0.9563384313202532,
          0.19224265461069792,
          1.009702341651708
        ],
        [
          -0.6007591504253201,
          -0.02235208453468393,
          0.7991175304654518,
          -2.638638752714866
        ],
        [
          0.0,
          0.0,
          0.0,
          1.0
        ]
      ]
    },
    {
      "file_path": "input_0048.jpg",
      "transform_matrix": [
        [
          0.7626018221413892,
          -0.29907907928644706,
          0.5735766428297131,
          -1.0009426380198223
        ],
        [
          0.22168760595744325,
          0.9538361011529906,
          0.20261119786951362,
          0.9818747963573008
        ],
        [
          -0.6076948792210534,
          -0.027356835899514004,
          0.7936992738424778,
          -2.554083851835323
        ],
        [
          0.0,
          0.0,
          0.0,
          1.0
        ]
      ]
    },
    {
      "file_path": "input_0049.jpg",
      "transform_matrix": [
        [
          0.7580029987743592,
          -0.30306615035490925,
          0.577565894386203,
          -1.0280532833826703
        ],
        [
          0.22070518577312914,
          0.9524388664981621,
          0.21011764932186142,
          0.9520113021811268
        ],
        [
          -0.6137757528787916,
          -0.03179802026465973,
          0.7888397879704856,
          -2.4879272235480427
        ],
        [
          0.0,
          0.0,
          0.0,
          1.0
        ]
      ]
    },
    {
      "file_path": "input_0050.jpg",
      "transform_matrix": [
        [
          0.7539935206475615,
          -0.3059643170162519,
          0.5812741242600377,
          -1.0490992738467102
        ],
        [
          0.21949656436728548,
          0.9513875026692132,
          0.21606267145389957,
          0.9316882033834389
        ],
        [
          -0.6191244051500904,
          -0.03532218109936227,
          0.7844981290417018,
          -2.4066425984541846
        ],
        [
          0.0,
          0.0,
          0.0,
          1.0
        ]
      ]
    },
    {
      "file_path": "input_0051.jpg",
      "transform_matrix": [
        [
          0.7468000951337486,
          -0.3107885584086587,
          0.5879626602689085,
          -1.0633970440903393
        ],
        [
          0.22231644392234262,
          0.9498928742705794,
          0.21972465990803344,
          0.9002145107553414
        ],
        [
          -0.6267894516262604,
          -0.033376629132445684,
          0.7784734959893027,
          -2.320632480516849
        ],
        [
          0.0,
          0.0,
          0.0,
          1.0
        ]
      ]
    },
    {
      "file_path": "input_0052.jpg",
      "transform_matrix": [
        [
          0.7343311132623613,
          -0.31768513530050796,
          0.5998616264639364,
          -1.0892316080398619
        ],
        [
          0.22611111519130453,
          0.9477317594137603,
          0.22511835950326917,
          0.8544069862691548
        ],
        [
          -0.6400246711508907,
          -0.029676034229601644,
          0.7677810581869012,
          -2.2208674745764063
        ],
        [
          0.0,
          0.0,
          0.0,
          1.0
        ]
      ]
    },
    {
      "file_path": "input_0053.jpg",
      "transform_matrix": [
        [
          0.7204805365331354,
          -0.3259008432227574,
          0.6121245272521115,
          -1.1217187522633305
        ],
        [
          0.23011308231039154,
          0.9450322637581389,
          0.232297201459205,
          0.8038811677504449
        ],
        [
          -0.6541832815247852,
          -0.026507750618699172,
          0.7558713999951318,
          -2.1223448413239625
        ],
        [
          0.0,
          0.0,
          0.0,
          1.0
        ]
      ]
    },
    {
      "file_path": "input_0054.jpg",
      "transform_matrix": [
        [
          0.7040663290820884,
          -0.3344633495185879,
          0.6264382428313898,
          -1.156868293760522
        ],
        [
          0.23271179173868708,
          0.9420975765899876,
          0.24144850003477436,
          0.7567884168931512
        ],
        [
          -0.670921624512612,
          -0.024216193178932574,
          0.7411327477242374,
          -2.0298115896085727
        ],
        [
          0.0,
          0.0,
          0.0,
          1.0
        ]
      ]
    },
    {
      "file_path": "input_0055.jpg",
      "transform_matrix": [
        [
          0.684697643436336,
          -0.3454042999673591,
          0.641782678666842,
          -1.2130653936337479
        ],
        [
          0.23896611144713953,
          0.9382845100758241,
          0.2500347490482154,
          0.7201834007574875
        ],
        [
          -0.6885378236905808,
          -0.01783389233536442,
          0.7249811153620548,
          -1.9620849364264783
        ],
        [
          0.0,
          0.0,
          0.0,
          1.0
        ]
      ]
    },
    {
      "file_path": "input_0056.jpg",
      "transform_matrix": [
        [
          0.6442210876847783,
          -0.36348282429908124,
          0.6729483090266328,
          -1.2689451548103243
        ],
        [
          0.2484367580911103,
          0.9315933039864139,
          0.2653546555025105,
          0.6941978140238447
        ],
        [
          -0.7233659982411533,
          -0.0037619685325756265,
          0.6904545460646483,
          -1.8863336765165606
        ],
        [
          0.0,
          0.0,
          0.0,
          1.0
        ]
      ]
    },
    {
      "file_path": "input_0057.jpg",
      "transform_matrix": [
        [
          0.5998926536795595,
          -0.3807668999596245,
          0.703665667740322,
          -1.355945335435645
        ],
        [
          0.2594937318852853,
          0.9245463177420145,
          0.27906470479429984,
          0.6637633235899412
        ],
        [
          -0.7568301045634636,
          0.015187963814131985,
          0.6534351678488364,
          -1.8166911959368996
        ],
        [
          0.0,
          0.0,
          0.0,
          1.0
        ]
      ]
    },
    {
      "file_path": "input_0058.jpg",
      "transform_matrix": [
        [
          0.5514442304806921,
          -0.3974060759529631,
          0.7334696118212566,
          -1.4398346393500179
        ],
        [
          0.2692977159911911,
          0.9169675904238772,
          0.294362324821225,
          0.6233544549610814
        ],
        [
          -0.7895492390164688,
          0.035197285518862094,
          0.6126770358521842,
          -1.7469019791957803
        ],
        [
          0.0,
          0.0,
          0.0,
          1.0
        ]
      ]
    },
    {
      "file_path": "input_0059.jpg",
      "transform_matrix": [
        [
          0.5040961496899615,
          -0.4130511651084616,
          0.7584693842669578,
          -1.5092218845784768
        ],
        [
          0.2783147967970865,
          0.909058771117434,
          0.31008551165486126,
          0.5860286198374967
        ],
        [
          -0.8175744282642113,
          0.054780340059212444,
          0.5732112774461479,
          -1.6874311126550572
        ],
        [
          0.0,
          0.0,
          0.0,
          1.0
        ]
      ]
    },
    {
      "file_path": "input_0060.jpg",
      "transform_matrix": [
        [
          0.4676286448156431,
          -0.4234215272702539,
          0.775910858792433,
          -1.5487141121699237
        ],
        [
          0.2822470874256998,
          0.9033761304608766,
          0.32287481870415774,
          0.5498140886734039
        ],
        [
          -0.8376514980513045,
          0.06801306608041595,
          0.54195404847159,
          -1.617191670314216
        ],
        [
          0.0,
          0.0,
          0.0,
          1.0
        ]
      ]
    },
    {
      "file_path": "input_0061.jpg",
      "transform_matrix": [
        [
          0.45343743918113905,
          -0.4262545055725913,
          0.7827525696079933,
          -1.557950702396013
        ],
        [
          0.28350209046535957,
          0.901591485247669,
          0.32674050625943735,
          0.5197041691905937
        ],
        [
          -0.844997664760455,
          0.07375561136596981,
          0.5296593776583306,
          -1.556323549415265
        ],
        [
          0.0,
          0.0,
          0.0,
          1.0
        ]
      ]
    },
    {
      "file_path": "input_0062.jpg",
      "transform_matrix": [
        [
          0.44651686526867346,
          -0.42658860629926487,
          0.7865397955642727,
          -1.5358163835676306
        ],
        [
          0.28238489651834753,
          0.9012959037954195,
          0.3285185900674726,
          0.5046172552421577
        ],
        [
          -0.8490473833944484,
          0.07541786775856715,
          0.5229060010879506,
          -1.4913411512276864
        ],
        [
          0.0,
          0.0,
          0.0,
          1.0
        ]
      ]
    },
    {
      "file_path": "input_0063.jpg",
      "transform_matrix": [
        [
          0.4311004498413806,
          -0.4361582973893139,
          0.7898850180659299,
          -1.4774899022096186
        ],
        [
          0.28485978775691084,
          0.8964272087068001,
          0.33951901391412914,
          0.4887640185074491
        ],
        [
          -0.8561584569842472,
          0.0786396789705414,
          0.5106941329462903,
          -1.3962371425854603
        ],
        [
          0.0,
          0.0,
          0.0,
          1.0
        ]
      ]
    },
    {
      "file_path": "input_0064.jpg",
      "transform_matrix": [
        [
          0.41520563792545434,
          -0.4434998694162237,
          0.7942997822376062,
          -1.4428965211941436
        ],
        [
          0.28669590312137166,
          0.8924177440592765,
          0.34841932957511507,
          0.47795004729405993
        ],
        [
          -0.863371146939911,
          0.08305682341592474,
          0.4976864743146213,
          -1.34905355686177
        ],
        [
          0.0,
          0.0,
          0.0,
          1.0
        ]
      ]
    },
    {
      "file_path": "input_0065.jpg",
      "transform_matrix": [
        [
          0.39322862967321975,
          -0.4566485216488237,
          0.7980246690931714,
          -1.4009654810128616
        ],
        [
          0.29076046762260077,
          0.8851642956641975,
          0.36323892983708606,
          0.47025264590297944
        ],
        [
          -0.8722554644559174,
          0.08919807933609768,
          0.4808472807134743,
          -1.3060825536808154
        ],
        [
          0.0,
          0.0,
          0.0,
          1.0
        ]
      ]
    },
    {
      "file_path": "input_0066.jpg",
      "transform_matrix": [
        [
          0.3646955073326027,
          -0.4713790670980485,
          0.8029937496850078,
          -1.358314373077518
        ],
        [
          0.2930605361825587,
          0.8766701194275123,
          0.3815298465852214,
          0.46261943601807526
        ],
        [
          -0.8838058095893049,
          0.09618355787100431,
          0.4578602561169384,
          -1.2584320732339582
        ],
        [
          0.0,
          0.0,
          0.0,
          1.0
        ]
      ]
    },
    {
      "file_path": "input_0067.jpg",
      "transform_matrix": [
        [
          0.3251357086944438,
          -0.48680434367266096,
          0.8107455222899425,
          -1.313104350478201
        ],
        [
          0.2950607523622887,
          0.8667486885585094,
          0.4021018071303636,
          0.4684425817775393
        ],
        [
          -0.8984575245091789,
          0.10848152775257987,
          0.4254478050117362,
          -1.1890205558753237
        ],
        [
          0.0,
          0.0,
          0.0,
          1.0
        ]
      ]
    },
    {
      "file_path": "input_0068.jpg",
      "transform_matrix": [
        [
          0.2782874282588225,
